34, 14, 202, 74, 184, 71, 211, 113, 69, 107, 49
4, 200, 60, 110, 139, 43, 97
150, 224, 39, 3, 75
180, 2, 234, 68, 11, 89, 241, 269, 173
134
130, 162, 112, 222, 164, 213, 165, 149, 243, 27
66, 218, 169, 15
80, 308, 296, 292, 306, 297, 293
138, 12, 26, 106, 48, 171, 231, 183, 61
170
104, 146, 250, 186, 176, 36, 266, 217, 239
24, 188, 88, 151, 205
152, 204, 196, 246, 101, 129, 279, 135, 13, 167, 115, 233, 227
272, 52, 158, 276
302, 278, 298, 262, 10, 305, 273, 47, 301
140, 118, 114, 153, 303, 283, 85, 197, 275, 45, 117, 141
212, 56, 99, 287, 179, 295
226, 238, 312, 84
90, 125
270, 78, 274, 144, 232, 128, 102, 157, 145, 77, 55, 29, 143
288, 172, 290, 265, 291
18, 230, 155
38, 185
20, 174
256, 82, 92, 193, 65, 161
268, 192, 198, 216, 70, 210, 111, 199, 123, 147
236, 304, 252, 240, 44, 247, 277, 187
228, 160, 148, 244, 191
94, 120, 166, 98, 72, 25, 81, 83, 95, 207, 181, 7
100
300, 271
22, 264, 284, 286, 260, 42, 37, 215, 189, 285, 223
46, 64, 91
142, 220, 16, 28, 156, 309, 59, 229, 219, 209
194
62, 242, 127
126, 58, 282, 159
40, 178, 280, 35, 195, 63, 17, 203, 31, 121, 133, 313, 109
6, 122, 76, 281, 163
190, 254, 108, 206, 21, 253, 23, 263, 73
86, 307, 225
136, 5, 51, 259
168, 255
96, 175, 177
54, 182, 19, 261, 93
30, 32, 103
50, 57, 9
214, 132, 267, 235, 1, 67, 245, 221
294
154, 116, 124, 257
248, 258, 105, 311, 87
310, 119
208
8, 79
289, 201
299, 237
41
53, 249
131
33
137
251
34, 202, 74, 184, 178, 232, 71, 211, 113, 69, 107, 49
4
150, 90, 100, 224, 156, 39, 3, 231, 75, 205
180, 168, 2, 164, 234, 68, 11, 89, 241, 269, 213, 173, 27
134, 104, 272, 158, 266, 276
130, 50, 57, 9
66, 146, 62, 250, 186, 176, 36, 242, 217, 169, 33, 239, 127
80
138, 12, 106, 48, 171, 183, 61
170, 94, 120, 166, 194, 1, 25, 81, 95, 207, 181, 7, 209
14, 302, 278, 18, 228, 160, 230, 10, 148, 191, 305, 273, 301, 155
24, 88, 151
152, 204, 196, 246, 101, 129, 103, 279, 135, 13, 167, 115, 233, 227
140, 118, 136, 283, 85, 197, 141
212, 310, 99, 179
226, 238, 312, 84
270, 20, 78, 128, 102, 145, 77, 29, 257
288, 172, 201
38, 188, 185
256, 46, 64, 91, 161
268, 198, 114, 216, 70, 153, 111, 199, 123, 275, 117, 147
236, 304, 252, 290, 240, 44, 65, 291, 277, 187
162, 6, 218, 122, 76, 165, 281, 163
192, 190, 254, 108, 21, 253, 23, 263, 73
112, 222, 247, 243
300, 60, 110, 139, 271, 43, 97
22, 264, 284, 286, 260, 8, 265, 289, 37, 215, 189, 79, 149, 285, 295, 223
200
142, 28, 309, 41, 229
220, 96, 308, 16, 294, 42, 175, 131, 59, 293, 177, 219, 251
126, 58, 262, 159
40, 280, 35, 195, 63, 17, 203, 31, 121, 133, 313, 109
86, 296, 297, 307, 225, 47
306
282
26, 248, 267, 125, 53, 249
52
298
82, 92, 193
292
98
54, 30, 182, 32, 206, 19, 261, 93, 5, 51, 45, 259
214, 258, 105, 311, 87, 221
154, 116, 124
132, 67
72, 83
274, 144, 157, 143
56, 287
208, 303, 299, 237
210
174, 137
244
235
255
119
55
15
245
34, 202, 74, 184, 178, 232, 71, 211, 113, 69, 107, 49
4, 60, 110, 63
150, 90, 100, 224, 156, 39, 3, 231, 75, 205
180, 168, 2, 164, 234, 68, 11, 89, 241, 269, 213, 173, 15, 27
134, 104, 272, 146, 250, 158, 266, 276
130, 50, 57, 9
66, 62, 186, 176, 36, 242, 217, 33, 239, 127
80, 296, 292, 297
138, 12, 106, 48, 171, 183, 61
170
14, 228, 160, 230, 148, 191, 155
24, 188, 88, 151
152, 204, 196, 246, 206, 101, 129, 103, 279, 135, 13, 167, 115, 233, 227
302, 278, 18, 306, 298, 262, 10, 305, 273, 301
140, 118, 114, 208, 153, 303, 283, 85, 197, 141
212, 179
226, 238, 312, 84
270, 78, 274, 144, 116, 128, 102, 145, 77, 29, 257
288, 172, 290, 260, 265, 289, 201, 291, 285
38, 194
20, 174, 137
256, 46, 64, 91, 161
268, 275, 117
236, 304, 252, 240, 44, 65, 277, 187
94, 120, 166, 98, 72, 25, 81, 83, 95, 207, 181, 7, 209
162, 6, 122, 37, 165, 119, 149, 281, 163
192, 200, 198, 216, 70, 199, 123, 147
112, 222, 247, 243
300, 139, 271, 43, 97
22, 264, 284, 286, 294, 189, 251, 223
142, 16, 56, 99, 41, 59, 287, 229
220, 219
126, 58, 282, 159
40, 280, 35, 195, 17, 203, 31, 121, 133, 313, 109
190, 254, 108, 21, 253, 23, 263, 73
86, 307, 225, 47
136, 5, 259
96, 308, 175, 131, 293, 177
26, 125, 53, 249, 143
52
82, 92, 193
28, 185, 309
54, 30, 182, 32, 19, 261, 93, 51
214, 132, 267, 235, 1, 67, 245, 221
154, 124
248, 258, 105, 311, 157, 87
218, 76
310
42
210
8, 215, 79, 295
244
111
299, 237
169
255
55
45
34, 202, 74, 184, 232, 71, 113, 69, 107, 49
4, 60, 110, 63, 97
150, 100, 224, 156, 39, 151, 231, 75, 205
180, 130, 168, 2, 164, 234, 68, 11, 89, 241, 269, 213, 173, 27
134, 104, 272, 52, 158, 266, 276
66, 146, 62, 250, 186, 176, 36, 242, 218, 217, 169, 33, 239, 127, 15
80, 306, 96, 293, 305
138, 12, 106, 48, 171, 61
170, 94, 120, 166, 98, 72, 25, 81, 83, 95, 207, 181, 7
14, 244, 211
24, 188, 88
152, 204, 196, 246, 206, 101, 129, 103, 279, 135, 13, 167, 115, 233, 227
302, 278, 18, 228, 160, 230, 10, 191, 273, 301, 155
140, 118, 136, 114, 208, 303, 283, 85, 5, 197, 237, 141
212, 56, 8, 99, 287, 79, 179, 295
226, 238, 312, 84
90, 26, 3
270, 78, 274, 144, 128, 102, 258, 157, 145, 77, 55, 29, 257
288, 22, 264, 284, 286, 260, 265, 289, 37, 215, 189, 285, 223
38, 194
20, 174, 137
256, 82, 92, 193, 65
268, 192, 198, 216, 70, 210, 153, 111, 199, 123, 275, 117, 147
236, 172, 304, 252, 290, 240, 44, 291, 277, 187
162, 6, 122, 76, 310, 165, 119, 149, 243, 281, 163
112, 222, 247
300, 271
200
46, 64, 91, 161
142, 220, 16, 28, 175, 185, 309, 41, 59, 177, 229, 219, 209
126, 58, 262, 159
40, 178, 280, 35, 195, 17, 203, 31, 121, 133, 313, 109
190, 254, 108, 21, 253, 23, 263, 73
86, 296, 297, 307, 225, 47
282
308, 294, 42, 131, 251
298
292
54, 182, 32, 19, 261, 93, 51, 45, 259
30
50, 57, 9
214, 105, 311, 87, 221
154, 116, 124
132, 1, 67, 245
248, 267
148
125
235
201
299
139, 43
53, 183, 249, 143
255
34, 202, 74, 184, 232, 71, 113, 69, 107, 49
4, 60, 110, 63, 43, 97
150, 224, 156, 39, 3, 75, 205
180, 168, 2, 164, 234, 68, 11, 89, 241, 269, 213, 173, 27
134, 41
130, 50, 57, 9
66, 146, 62, 250, 186, 176, 36, 242, 217, 169, 33, 239, 127
80, 306, 305
138, 12, 26, 106, 48, 171, 61
170, 94, 120, 166, 194, 235, 1, 25, 81, 95, 207, 181, 7, 209
104, 272, 52, 158, 98, 266, 72, 276
14, 244, 211
24, 38, 188, 88
152, 204, 196, 246, 101, 129, 103, 279, 135, 13, 167, 115, 227
302, 278, 18, 228, 160, 230, 10, 191, 273, 301, 155
140, 118, 136, 114, 208, 153, 303, 283, 85, 197, 141
212, 56, 99, 179
226, 238, 312, 84
90
270, 20, 78, 274, 144, 128, 102, 258, 157, 145, 77, 137, 55, 29, 257
288, 264, 284, 286, 260, 265, 289, 37, 189, 149, 285, 223
256, 82, 92, 193
268, 192, 216, 70, 111, 199, 123, 275, 147
236, 304, 252, 240, 44, 65, 247, 277, 187
162, 6, 218, 122, 76, 165, 119, 281, 163
100
112, 222, 243
300, 271
22, 142, 220, 308, 96, 16, 294, 42, 175, 131, 59, 293, 287, 177, 229, 231, 219, 251
200, 210
46, 64, 91, 161
172, 290, 291
126, 58, 262, 159
40, 178, 280, 35, 195, 17, 203, 31, 121, 133, 313, 109
190, 254, 108, 21, 253, 23, 263, 73
86, 307, 225, 47
198, 117
282
296, 292, 297
298
28, 309
54, 182, 19, 261, 93, 5, 51, 45, 259
30, 32, 233
214, 248, 267, 105, 311, 87, 221
154, 116, 124
132, 67, 245
148
310
206
8, 215, 79, 295
174
151
125
185
201
299, 237
139
53, 183, 249, 143
255
83
15
34, 202, 74, 184, 232, 71, 113, 69, 107, 49, 143
4, 60, 43, 97
150, 224, 39, 205
180, 168, 2, 164, 234, 68, 11, 89, 241, 269, 213, 173, 15, 27
134, 212, 56, 310, 8, 99, 41, 287, 79, 179, 295
130, 162, 112, 222, 247, 165, 149, 243
66, 146, 62, 250, 186, 176, 36, 242, 217, 169, 33, 239, 127
80, 296, 292, 297
138, 12, 100, 106, 48, 171, 231, 183, 61
170, 94, 120, 166, 98, 72, 25, 81, 83, 95, 207, 181, 7
104, 272, 52, 158, 266, 276
14, 244, 211, 191
24, 38, 188, 151
152, 204, 196, 246, 101, 129, 103, 279, 135, 13, 263, 167, 115, 227
302, 18, 228, 160, 230, 10, 148, 305, 273, 301, 155
140, 118, 136, 114, 153, 303, 283, 85, 197, 5, 51, 259, 141
278, 298, 262
226, 238, 312, 84
90, 26, 3
270, 20, 78, 274, 144, 128, 102, 258, 174, 157, 145, 77, 55, 29, 257
288, 290
256, 82, 92, 193
268, 192, 198, 216, 70, 210, 111, 199, 123, 275, 147
236, 304, 252, 240, 44, 65, 291, 277, 187
300, 271
22, 264, 284, 286, 260, 265, 289, 37, 215, 189, 285, 223
200, 110
46, 64, 91, 161
142, 220, 16, 28, 156, 185, 309, 59, 177, 229, 219, 209
194, 132, 88, 267, 1, 67, 245
172, 201
126, 58, 159
40, 178, 280, 35, 195, 63, 17, 203, 31, 121, 133, 313, 109
6, 218, 122, 76, 281, 163
190, 254, 108, 21, 253, 23, 73
86, 307, 225, 47
306, 96, 293
282
308, 294, 42, 131, 251
54, 182, 19, 261, 93
30, 32, 206, 233
50, 57, 9
214, 105, 311, 87, 221
154, 116, 124, 137
248
208
125
235
175
299, 237
139
53, 249
255
119
75
45
117
34, 14, 202, 74, 184, 178, 232, 71, 211, 113, 69, 107, 49, 143
4, 200, 60, 110, 63
150, 100, 224, 156, 39, 151, 3, 231, 75, 205
180, 168, 2, 164, 234, 68, 11, 89, 241, 269, 213, 173, 27
134, 212, 142, 28, 56, 185, 309, 99, 41, 287, 229, 79, 179, 295
130, 50, 57, 9
66, 146, 62, 250, 186, 176, 36, 217, 169, 33, 239, 127
80, 306, 305
138, 12, 106, 48, 171, 183, 61
170, 94, 120, 166, 194, 72, 25, 81, 95, 207, 181, 7, 209
104, 272, 52, 158, 266, 276
24
152, 204, 196, 246, 101, 129, 103, 279, 135, 13, 167, 115, 227
302, 18, 160, 230, 10, 191, 273, 301, 155
140, 118, 136, 114, 208, 303, 283, 85, 197, 141
278, 298
226, 238, 228, 312, 148, 84
90, 26
270, 20, 78, 274, 144, 128, 102, 258, 157, 145, 77, 55, 29, 257
288, 22, 264, 284, 286, 260, 8, 265, 289, 37, 215, 189, 149, 285, 223
38, 188
256, 46, 64, 91, 161
268, 198, 216, 70, 153, 111, 123, 275, 117, 147
236, 304, 252, 290, 240, 44, 65, 247, 291, 277, 187
162, 6, 218, 122, 76, 165, 119, 243, 281, 163
192, 199, 23
112, 222
300, 139, 271, 43, 97
220, 96, 308, 16, 294, 42, 175, 131, 59, 293, 177, 219, 251
172, 201
126, 58, 262, 159
40, 280, 35, 195, 17, 203, 31, 121, 133, 313, 109
190, 254, 108, 21, 253, 263, 73
86, 307, 225, 47
282
296, 292, 297
82, 92, 193
98
54, 182, 19, 261, 93
30, 32, 206, 233
214, 248, 267, 105, 311, 87, 221
154, 116, 124
132, 88, 1, 67, 245
242, 310
210
174
244
125, 53, 249
235
299, 237
255
5, 51, 259
137
45
83
15
34, 202, 74, 184, 178, 232, 71, 113, 69, 107, 49
4, 60, 63
150, 224, 156, 39, 205
180, 168, 2, 164, 234, 68, 11, 241, 89, 269, 213, 173, 27
134, 212, 142, 28, 56, 185, 309, 99, 41, 229, 179
130, 50, 57, 9
66, 169
80
138, 12, 106, 48, 171, 61
170, 94, 120, 166, 194, 72, 1, 25, 81, 95, 207, 181, 7, 209
104, 272, 52, 158, 266, 276
14, 244, 211
24, 38, 188, 88, 151
152, 204, 196, 246, 101, 129, 103, 279, 135, 13, 263, 167, 115, 227
302, 278, 18, 228, 160, 230, 10, 148, 191, 305, 273, 301, 155
146, 62, 250, 186, 176, 36, 242, 217, 33, 239, 127
140, 118, 136, 114, 208, 303, 283, 85, 197, 237, 141
226, 238, 312, 84
90, 26, 3
270, 20, 78, 274, 144, 128, 102, 258, 157, 145, 77, 137, 55, 29, 257
288, 22, 172, 264, 284, 286, 290, 260, 265, 289, 37, 189, 149, 285, 223
256, 46, 64, 91, 161
268, 192, 198, 216, 70, 210, 153, 111, 199, 23, 123, 275, 117, 147
236, 304, 252, 240, 44, 65, 291, 277, 187
162, 6, 218, 122, 76, 310, 165, 119, 15, 281, 163
100, 220, 96, 308, 16, 294, 42, 175, 131, 59, 293, 177, 287, 231, 219, 251
112, 222, 247, 243
300, 110, 139, 271, 43, 97
200
126, 58, 262, 159
40, 280, 35, 195, 17, 203, 31, 121, 133, 313, 109
190, 254, 108, 21, 253, 73
86, 296, 297, 307, 225, 47
306
282
298
82, 92, 193
292
98
54, 182, 19, 261, 93
30, 32, 206, 233
214, 267, 105, 311, 87, 221
154, 116, 124
132, 67, 245
248
8, 215, 79, 295
174
125
235
201
299
53, 183, 249, 143
255
5, 51, 259
75
45
83
34, 14, 202, 74, 184, 71, 211, 113, 69, 107, 49
4, 200, 110, 210, 139, 43, 97
150, 224, 39, 3, 75, 205
180, 168, 2, 164, 234, 68, 11, 89, 241, 269, 169, 213, 173, 15, 27
134, 212, 22, 142, 16, 56, 42, 8, 215, 99, 41, 287, 79, 179, 219, 295
130, 50, 57, 9
66, 104, 146, 62, 250, 186, 176, 36, 266, 242, 217, 33, 239, 127
80, 86, 308, 296, 292, 306, 297, 293
138, 12, 106, 48, 244, 171, 231, 183, 61
170, 94, 120, 166, 98, 72, 25, 81, 83, 95, 207, 181, 7
24, 38, 188, 88, 151
152, 204, 196, 246, 206, 101, 129, 103, 135, 13, 167, 115, 233, 227
272, 52, 158, 276
302, 18, 230, 191, 155
140, 118, 114, 153, 303, 283, 197, 45, 117
278, 298, 262, 10, 305, 273, 47
226, 238, 312, 84
90, 26
270, 20, 78, 274, 144, 232, 128, 102, 157, 145, 77, 143
288, 172, 265
256, 82, 92, 193
268, 192, 198, 216, 70, 111, 199, 123, 275, 147
236, 304, 252, 290, 240, 44, 65, 247, 291, 277, 187
228, 160, 148
162, 112, 222, 165, 243
100
300, 271
46, 64, 279, 91, 161
220, 156, 28, 175, 185, 309, 59, 229, 209
194
126, 58, 282, 159
40, 178, 280, 35, 195, 17, 203, 31, 121, 133, 313, 109
264, 260, 37, 189
284, 286, 294, 289, 201, 285, 251, 223
6, 218, 122, 76, 281, 163
190, 254, 108, 21, 253, 23, 263, 73
136, 85, 5, 259, 141
60, 63
96
54, 30, 182, 32, 19, 261, 93, 51
214, 132, 267, 1, 67, 245, 221
154, 116, 124, 257
248, 258, 105, 311, 87
310, 119
208, 299, 237
174
307, 225
125
235
53, 249
131, 177
255
137
55, 29
149
301
34, 202, 74, 184, 178, 232, 71, 113, 69, 107, 49, 143
4, 60, 63
150, 100, 224, 156, 39, 231, 75, 205
180, 168, 2, 164, 234, 68, 11, 89, 241, 269, 213, 173, 27
134, 104, 272, 52, 158, 266, 276
130, 50, 57, 9
66, 146, 62, 250, 186, 176, 36, 242, 217, 169, 33, 239, 127, 15
80, 296, 292, 297
138, 12, 106, 48, 171, 183, 61
170, 94, 120, 166, 194, 72, 1, 25, 81, 95, 207, 181, 7, 209
14, 244, 211, 191
24, 38, 188
152, 204, 196, 246, 206, 101, 129, 103, 279, 135, 13, 263, 167, 115, 233, 227
302, 18, 228, 160, 230, 10, 305, 273, 301, 155
140, 118, 136, 114, 208, 303, 283, 85, 197, 141
212, 99, 179
278, 298
226, 238, 312, 84
90, 26, 3
270, 78, 128, 102, 145, 77, 257
288, 172, 265, 289, 201
20, 174
256, 82, 92, 193
268, 192, 198, 216, 70, 153, 111, 199, 123, 275, 117, 147
236, 304, 252, 290, 240, 44, 65, 247, 291, 277, 187
162, 6, 218, 122, 76, 310, 165, 119, 281, 163
112, 222, 243
300, 110, 139, 271, 43, 97
22, 264, 284, 286, 260, 37, 189, 149, 285, 251, 223
200
46, 64, 91, 161
142, 220, 16, 28, 56, 175, 185, 309, 59, 287, 177, 229, 219
126, 58, 282, 262, 159
40, 280, 35, 195, 17, 203, 31, 121, 133, 313, 109
190, 254, 108, 21, 253, 23, 73
86, 307, 225, 47
308, 131
96, 306, 293
98
54, 30, 182, 32, 19, 261, 93, 51, 45
214, 105, 311, 87, 221
294, 42
154, 116, 124
132, 88, 67, 245
248, 274, 144, 267, 157
148
258, 55, 29
210
8, 215, 79, 295
151
125
235
299, 237
41
53, 249
255
5, 259
137
83
34, 202, 74, 184, 178, 232, 71, 113, 69, 107, 49
4, 60
150, 100, 224, 156, 39, 151, 3, 231, 75, 205
180, 168, 2, 164, 234, 68, 11, 89, 241, 269, 213, 173, 27
134, 104, 272, 52, 158, 266, 276
130, 50, 57, 9
66, 146, 62, 250, 186, 176, 36, 217, 169, 33, 239, 127
80, 296, 292, 297
138, 12, 106, 48, 171, 183, 61
170, 38, 94, 120, 166, 194, 1, 25, 81, 95, 207, 181, 7
14, 244, 211
24
152, 204, 196, 246, 101, 129, 103, 279, 135, 13, 167, 115, 227
302, 278, 18, 228, 160, 230, 10, 148, 191, 305, 273, 301, 155
140, 118, 136, 208, 303, 283, 85, 197, 141
212, 56, 99, 41, 287, 179
226, 238, 312, 84
90, 26, 248, 267, 125, 53, 249, 143
270, 20, 78, 274, 144, 128, 102, 157, 145, 77, 257
288, 264, 284, 286, 260, 265, 289, 37, 189, 285
256, 46, 64, 91, 161
268, 192, 200, 198, 114, 216, 110, 70, 210, 153, 199, 123, 275, 43, 117, 147
236, 304, 252, 290, 240, 44, 291, 277, 187
162, 6, 218, 122, 76, 310, 165, 119, 149, 281, 163
112, 222, 65, 247, 243
300, 139, 271, 97
22, 142, 220, 308, 16, 294, 42, 175, 131, 59, 293, 177, 219, 251, 223
172, 201
126, 58, 262, 159
40, 280, 35, 195, 63, 17, 203, 31, 121, 133, 313, 109
190, 254, 108, 21, 253, 23, 263, 73
86, 307, 225, 47
282
96, 306
298
82, 92, 193
28, 185, 309, 229, 209
98, 72, 83
54, 182, 19, 261, 93
30, 32, 206, 233
214, 105, 311, 87, 221
188
154, 116, 124
132, 88, 67, 245
242
258, 55, 29
8, 215, 79, 295
174
235
111
299, 237
255
5, 51, 259
137
45
15
34, 202, 74, 184, 178, 232, 71, 113, 69, 107, 49
4, 300, 60, 110, 63, 139, 271, 43, 97
150, 100, 224, 26, 156, 39, 231, 75
180, 168, 2, 164, 234, 68, 11, 89, 241, 269, 213, 173, 27
134, 142, 16, 28, 56, 185, 309, 41, 59, 287, 229
130, 50, 57, 9
66, 146, 62, 250, 186, 176, 36, 217, 169, 33, 239, 127, 15
80, 306
138, 12, 106, 48, 171, 61
170, 94, 120, 166, 72, 25, 81, 95, 207, 181, 7, 209
104, 272, 52, 158, 266, 276
14, 244, 211
24, 38, 188, 88, 151
152, 204, 196, 246, 101, 129, 103, 135, 13, 167, 115, 227
302, 18, 228, 160, 230, 10, 148, 191, 305, 273, 301, 155
140, 118, 136, 283, 85, 197, 5, 51, 259, 141
212, 99, 179
278, 298
226, 238, 312, 84
90, 3
270, 20, 78, 274, 144, 128, 102, 258, 145, 77, 55, 29, 257
288, 22, 172, 264, 284, 286, 260, 265, 289, 37, 189, 285, 223
256, 46, 64, 279, 91, 161
268, 192, 200, 198, 216, 70, 210, 153, 111, 199, 123, 275, 117, 147
236, 304, 252, 290, 240, 44, 247, 291, 277, 187
162, 112, 6, 122, 165, 119, 149, 243, 281, 163
220, 308, 96, 294, 42, 175, 131, 293, 177, 219, 251
194
126, 58, 262, 159, 47
40, 280, 35, 195, 17, 203, 31, 121, 133, 313, 109
190, 254, 108, 21, 253, 23, 263, 73
86, 307, 225
114
282
296, 292, 297
82, 92, 193, 65
98
222
54, 182, 19, 93
30, 32, 261, 233
214, 132, 248, 267, 105, 311, 235, 1, 67, 87, 205, 245, 221
154, 116, 124
242, 310
218, 76
208, 303, 299, 237
206, 45
8, 215, 79, 295
174
125
157
201
53, 183, 249, 143
255
137
83
34, 202, 74, 184, 178, 71, 113, 69, 107, 49
4, 60, 63
150, 100, 224, 156, 39, 231, 75
180, 168, 2, 164, 234, 68, 11, 89, 241, 269, 213, 173, 27
134, 212, 142, 28, 56, 185, 309, 99, 41, 229, 179
130, 50, 57, 9
66, 146, 62, 250, 186, 176, 36, 242, 217, 169, 33, 239, 127
80
138, 12, 106, 48, 171, 183, 61
170, 94, 120, 166, 194, 72, 1, 25, 81, 95, 207, 181, 7, 209
104, 272, 52, 158, 266, 276
14, 302, 18, 228, 160, 230, 10, 148, 191, 305, 273, 301, 155
24, 38, 188, 88, 151, 205
152, 204, 196, 246, 206, 101, 129, 103, 279, 135, 13, 167, 115, 233, 227
140, 118, 136, 114, 208, 153, 303, 283, 85, 197, 275, 117, 237, 141
278, 298
226, 238, 312, 84
90, 26, 3
270, 20, 78, 128, 102, 258, 145, 77, 55, 29, 257
288, 172, 264, 284, 286, 260, 289, 37, 189, 149, 285, 223
256, 82, 92, 193, 65
268, 192, 198, 216, 70, 210, 199, 123, 147
236, 304, 252, 290, 240, 44, 291, 277, 187
162, 6, 218, 122, 76, 310, 165, 119, 281, 163
112, 222, 247, 243
300, 110, 139, 271, 43, 97
22, 220, 308, 96, 16, 294, 42, 175, 131, 59, 293, 177, 287, 219, 251
200
46, 64, 91, 161
126, 58, 159
40, 280, 35, 195, 17, 203, 31, 121, 133, 313, 109
190, 254, 108, 21, 253, 23, 263, 73
86, 296, 262, 297, 307, 225, 47
282
292
98
54, 182, 32, 19, 261, 93, 5, 51, 45, 259
30
214, 267, 105, 311, 87, 221
154, 116, 124
132, 67, 245
248, 274, 144, 232, 157, 249, 143
306
8, 215, 79, 295
174
244, 211
265, 201
125
235
111
299
53
255
137
83
15
34, 226, 238, 312, 84
4, 300, 139, 271, 43, 97
150, 100, 224, 156, 39, 3, 231, 75
180, 168, 2, 164, 234, 68, 11, 89, 241, 269, 213, 173, 15, 27
134, 104, 272, 158, 266, 276
130, 50, 57, 9
66, 146, 62, 250, 186, 176, 36, 242, 217, 33, 239, 127
80, 308, 296, 292, 297
138, 12, 26, 106, 48, 171, 183, 61
170, 94, 120, 166, 25, 81, 95, 207, 181, 7
14, 18, 230, 191, 155
24, 38, 188, 88, 151
152, 204, 196, 246, 101, 129, 103, 279, 135, 13, 167, 115, 227
302, 278, 298, 262, 10, 306, 305, 273, 301
140, 118, 114, 153, 303, 283, 85, 197, 45, 117, 141
202, 74, 184, 178, 71, 211, 113, 69, 107, 49
212, 142, 16, 56, 99, 41, 287, 79, 179
90
270, 78, 274, 144, 232, 128, 102, 258, 157, 145, 77, 55, 29, 143, 257
288, 172, 136, 290, 265, 291
20, 174, 137
256, 82, 92, 193, 65
268, 192, 200, 198, 216, 70, 210, 111, 199, 123, 275, 147
236, 304, 252, 240, 44, 247, 277, 187
228, 160, 148
162, 112, 6, 122, 37, 165, 119, 149, 243, 281, 163
22, 220, 96, 294, 42, 175, 131, 59, 293, 177, 219
46, 64, 91, 161
194
126, 58, 282
40, 280, 35, 195, 63, 17, 203, 31, 121, 133, 313, 109
264, 260
284, 286, 289, 201, 189, 285, 251, 223
190, 254, 108, 253, 23, 263, 73
86, 307, 225, 47
60
52
28, 185, 309, 229, 209
98, 83
222
54, 30, 32, 233
110
214, 132, 248, 267, 105, 311, 67, 87, 205, 221
154, 116, 124
72
218, 76
310
182, 19, 261, 93, 51
208
206
8, 215, 295
244
125
235, 1, 245
299, 237
21
169
53, 249
255
5, 259
159
34, 202, 74, 184, 178, 232, 71, 211, 113, 69, 107, 49
4, 60, 110
150, 90, 100, 224, 39, 3, 231, 75, 205
180, 168, 2, 164, 234, 68, 11, 89, 241, 269, 213, 173, 27
134, 104, 272, 52, 158, 266, 276
130, 50, 57, 9
66, 146, 62, 186, 176, 242, 217, 33, 239, 127
80, 306, 296, 292, 297
138, 12, 106, 48, 171, 183, 61
170, 166, 235
14, 302, 18, 228, 160, 230, 10, 148, 191, 273, 155
24, 188, 88, 151
152, 204, 196, 246, 206, 101, 129, 103, 135, 13, 167, 115, 233, 227
140, 118, 136, 114, 208, 153, 303, 283, 85, 197, 5, 45, 301, 237, 141
212, 179
278, 126, 58, 282, 262, 159, 47
226, 238, 312, 84
270, 78, 274, 144, 128, 102, 258, 157, 145, 77, 55, 29, 143, 257
288, 172, 264, 284, 286, 260, 265, 289, 37, 189, 285, 223
38
20, 174, 137
256, 46, 64, 279, 91, 161
268, 192, 200, 198, 216, 70, 210, 111, 199, 123, 275, 147
236, 304, 92, 252, 290, 240, 44, 65, 291, 277, 187
94, 72, 25, 81, 83, 95, 207, 181, 7, 209
162, 112, 222, 247, 243
120, 194
300, 139, 271, 43, 97
22, 56, 99, 287, 295
142, 16, 41, 59
220, 96, 308, 294, 42, 175, 131, 293, 177, 219, 251
250
40, 280, 35, 195, 63, 17, 203, 31, 121, 133, 313, 109
6, 122, 165, 149, 281, 163
190, 254, 108, 21, 253, 23, 263, 73
86, 307, 225
26, 125, 53
298, 305
82
28, 185, 309, 229
156
98
54, 30, 182, 32, 19, 261, 93, 51, 259
36
214, 132, 267, 1, 67, 245, 221
154, 116, 124
248, 105, 311, 87
218, 169, 15
76
310, 119
8, 215, 79
244
193
201
299
255
117
249
34, 14, 202, 74, 184, 71, 211, 113, 69, 107, 49
4, 300, 110, 139, 271, 43, 97
150, 100, 224, 156, 39, 151, 3, 231, 75, 205
180, 168, 2, 164, 234, 68, 11, 89, 241, 269, 213, 173, 27
134, 104, 272, 158, 266, 276
130, 50, 57, 9
66, 218, 169, 15
80, 302, 278, 298, 262, 10, 306, 305, 273, 301
138, 12, 26, 106, 48, 171, 183, 61
170, 235, 1, 245
24, 38, 194, 188, 88
152, 204, 46, 196, 246, 206, 101, 129, 103, 279, 135, 13, 167, 115, 233, 227
146
140, 118, 114, 153, 303, 283, 85, 197, 45, 117, 141
212, 142, 16, 56, 99, 41, 287, 179
226, 238, 312, 84
90
270, 78, 274, 144, 232, 128, 102, 258, 157, 145, 77, 55, 29, 257
288, 172, 290, 260, 265, 289, 201, 285
18, 230, 155
20, 174, 137
256, 82, 92, 193, 65, 91, 161
268, 192, 198, 216, 70, 111, 199, 123, 275, 147
236, 304, 222, 252, 240, 44, 247, 277, 187
228, 160, 148, 244, 191
94, 120, 166, 72, 25, 81, 83, 95, 207, 181, 7
162, 112, 6, 122, 76, 37, 165, 119, 149, 243, 281, 163
22, 264, 284, 286, 189, 223
200, 210
220, 96, 308, 294, 175, 131, 59, 293, 177, 219
62, 186, 242, 127
250, 36, 217, 33, 239
126, 58, 282, 159
40, 178, 280, 35, 195, 63, 17, 203, 31, 121, 133, 313, 109
190, 254, 108, 21, 253, 23, 263, 73
86, 307, 225, 47
136, 5, 259
60
176
296, 292, 297
52
28, 185, 309, 229
98
54, 30, 182, 32, 19, 261, 93, 51
214, 132, 248, 267, 105, 311, 67, 87, 221
154, 116, 124
64
310
208
42
8, 215, 79, 295
125
291
299, 237
53, 249, 143
255
251
209
34, 202, 74, 184, 232, 71, 113, 69, 107, 49, 143
4, 60, 110, 43, 97
150, 39
180, 168, 2, 164, 234, 68, 11, 89, 241, 269, 213, 173, 27
134, 224, 142, 220, 96, 16, 28, 175, 185, 309, 41, 59, 177, 229, 231, 219, 209
130, 50, 57, 9
66, 146, 62, 250, 186, 176, 36, 242, 217, 33, 239, 127
80, 296, 292, 306, 297
138, 12, 100, 106, 48, 171, 183, 61
170, 94, 120, 166, 194, 72, 25, 81, 95, 207, 181, 7
104, 272, 52, 158, 266, 276
14, 244, 211
24, 38, 188, 88, 151
152, 204, 196, 246, 101, 129, 103, 279, 135, 13, 167, 115, 227
302, 278, 18, 228, 160, 230, 10, 148, 191, 273, 301, 155
140, 118, 136, 114, 303, 283, 85, 197, 117, 141
212, 56, 99, 287, 179
226, 238, 312, 84
90, 26, 3
270, 78, 274, 144, 128, 102, 258, 157, 145, 77, 55, 29, 257
288, 22, 264, 284, 286, 260, 8, 265, 289, 37, 189, 149, 285, 223
20, 174, 137
256, 82, 92, 193
268, 192, 198, 216, 70, 210, 153, 111, 199, 123, 275, 147
236, 304, 252, 290, 240, 44, 65, 291, 277, 187
162, 112, 222, 247, 243
300, 271
200, 139
46, 64, 91, 161
172, 201
126, 58, 262, 159
40, 178, 280, 35, 195, 63, 17, 203, 31, 121, 133, 313, 109
6, 218, 122, 76, 310, 165, 119, 15, 281, 163
190, 254, 108, 21, 253, 23, 263, 73
86, 307, 225, 47
282
308, 294, 42, 131
298
156
98, 83
54, 182, 19, 261, 93
30, 32, 206, 233
214, 248, 267, 105, 311, 87, 221
154, 116, 124
132, 1, 67, 245
208
125
235
215, 79, 295
299, 237
169
53, 249
255
293
5, 51, 259
75
205
305
45
251
34, 202, 74, 184, 178, 232, 71, 113, 69, 107, 49, 143
4, 60, 110, 63
150, 100, 224, 156, 39, 3, 231, 75, 205
180, 168, 2, 164, 234, 68, 11, 89, 241, 269, 213, 173, 15, 27
134, 104, 272, 158, 266, 276
130, 50, 57, 9
66, 146, 62, 250, 186, 176, 36, 242, 217, 169, 33, 239, 127
80, 306, 308, 296, 292, 297
138, 90, 26, 106, 248, 125, 53, 249
170, 94, 120, 166, 194, 98, 72, 25, 81, 83, 95, 207, 181, 7
14, 18, 230, 191, 155
24, 188, 88, 151
152, 204, 196, 246, 206, 101, 129, 103, 135, 13, 167, 115, 233, 227
302, 278, 298, 262, 10, 305, 273, 301
140, 118, 283, 85, 197, 45, 141
212, 142, 56, 99, 41, 287, 179
226, 238, 312, 84
270, 78, 274, 144, 128, 102, 145, 77, 257
288, 172, 290, 260, 265, 289, 201, 285
12, 48, 171, 61
38
20, 174, 137
256, 46, 64, 279, 91, 161
268, 192, 200, 198, 216, 70, 114, 210, 153, 111, 199, 123, 275, 117, 147
236, 304, 252, 240, 44, 65, 247, 291, 277, 187
228, 160, 148
162, 112, 6, 122, 37, 165, 119, 149, 243, 281, 163
300, 139, 271, 43, 97
22, 220, 96, 16, 294, 42, 175, 131, 59, 293, 177, 219, 251
126, 58, 159
40, 280, 35, 195, 17, 203, 31, 121, 133, 313, 109
264
284, 286, 189, 223
190, 254, 108, 21, 253, 23, 263, 73
86, 307, 225, 47
136, 5, 259
282
52
82, 92, 193
28, 185, 309, 229, 209
222
54, 30, 182, 32, 19, 261, 93, 51
214, 132, 267, 1, 67, 245, 221
154, 116, 124
218, 76
310
208, 303, 299, 237
258, 55, 29
8, 215, 79, 295
244, 211, 183
105, 311, 87
157
235
255
34, 202, 74, 184, 178, 232, 71, 113, 69, 107, 49
4
150, 100, 224, 26, 156, 39, 3, 231, 75, 205
180, 168, 2, 164, 234, 68, 11, 89, 241, 269, 213, 173, 27
134, 142, 220, 16, 28, 56, 175, 185, 309, 99, 41, 59, 177, 287, 229, 219
130, 50, 57, 9
66, 169, 15
80, 306, 96
138, 12, 106, 48, 171, 61
170, 94, 120, 166, 194, 72, 1, 25, 81, 95, 207, 181, 7, 209
104, 272, 52, 158, 266, 276
14, 244, 211
24, 38, 188, 88, 151
152, 204, 196, 246, 101, 129, 103, 279, 135, 13, 167, 115, 227
302, 278, 18, 228, 160, 230, 10, 148, 191, 305, 273, 301, 155
146, 62, 250, 186, 176, 36, 242, 217, 33, 239, 127
140, 118, 136, 114, 208, 153, 303, 283, 85, 197, 237, 141
212, 179
226, 238, 312, 84
90
270, 20, 78, 274, 144, 128, 102, 258, 157, 145, 77, 55, 29, 257
288, 22, 172, 264, 284, 286, 260, 265, 289, 37, 189, 285, 223
256, 82, 92, 193
268, 198, 117
236, 304, 252, 290, 240, 44, 65, 291, 277, 187
162, 112, 222, 247, 165, 149, 243
192, 216, 70, 210, 111, 199, 123, 275, 147
300, 60, 139, 271, 43, 97
200
46, 64, 91, 161
126, 58, 262, 159
40, 280, 35, 195, 63, 17, 203, 31, 121, 133, 313, 109
6, 218, 122, 76, 281, 163
190, 254, 108, 21, 253, 23, 263, 73
86, 307, 225, 47
282
296, 292, 297
308, 294, 42, 131, 251
298
98
54, 182, 19, 261, 93
30, 32, 206, 233
110
214, 248, 267, 105, 311, 87, 221
154, 116, 124, 137
132, 67, 245
310, 119
8, 215, 79, 295
174
125
235
201
299
53, 183, 249, 143
255
293
5, 51, 259
45
83
34, 202, 74, 184, 178, 232, 71, 211, 113, 69, 107, 49, 143
4, 60, 63
150, 100, 224, 39, 231, 75
180, 168, 2, 164, 234, 68, 11, 89, 241, 269, 213, 173, 27
134, 212, 142, 28, 56, 309, 99, 41, 229, 179
130, 50, 57, 9
66, 146, 62, 250, 186, 176, 36, 217, 169, 33, 239, 127
80
138, 12, 106, 48, 171, 183, 61
170, 94, 120, 166, 194, 72, 1, 25, 81, 95, 207, 181, 7, 209
104, 272, 158, 266, 276
14, 302, 278, 18, 160, 230, 10, 191, 305, 273, 301, 155
24, 38, 188, 88, 151, 185, 205
152, 204, 196, 246, 101, 129, 103, 135, 13, 167, 115, 233, 227
140, 118, 136, 114, 208, 153, 303, 283, 85, 197, 45, 237, 141
226, 238, 228, 312, 148, 84
90, 26, 248, 267, 125, 53, 3, 249
270, 20, 78, 274, 144, 128, 102, 258, 157, 145, 77, 55, 29, 257
288, 264, 284, 286, 260, 265, 289, 37, 189, 285
256, 46, 82, 64, 279, 91, 161
268, 192, 200, 198, 216, 70, 111, 199, 123, 275, 147
236, 304, 252, 240, 44, 247, 291, 277, 187
162, 112, 222, 149, 243
300, 110, 139, 271, 43, 97
22, 220, 96, 308, 16, 294, 42, 175, 131, 59, 293, 287, 177, 219, 251, 223
172, 201
126, 58, 262, 159
40, 280, 35, 195, 17, 203, 31, 121, 133, 313, 109
6, 218, 122, 76, 165, 119, 281, 163
190, 254, 108, 21, 253, 23, 263, 73
86, 297, 307, 225, 47
306
282
296, 292
52
298
156
98, 83
54, 30, 182, 32, 19, 261, 93
92
214, 105, 311, 87, 221
154, 116, 124
132, 67, 245
242, 310
290
206
210
8, 215, 79, 295
174
244
193
65
235
299
255
5, 51, 259
137
15
117
34, 202, 74, 184, 232, 71, 113, 69, 107, 49
4, 60, 110, 63, 139, 271, 43, 97
150, 24, 39, 3, 75, 205
180, 168, 2, 164, 234, 68, 11, 89, 241, 269, 213, 173, 27
134, 224, 142, 220, 16, 28, 156, 56, 175, 185, 309, 41, 59, 287, 177, 229, 231, 219, 209
130, 50, 57, 9
66, 146, 62, 250, 186, 176, 36, 242, 217, 169, 33, 239, 127, 15
80, 306, 96, 293, 305
138, 12, 106, 48, 171, 61
170, 38, 94, 120, 166, 194, 98, 72, 1, 25, 81, 95, 207, 181, 7
104, 272, 52, 158, 266, 276
14, 244, 211
152, 204, 196, 246, 101, 129, 103, 279, 135, 13, 167, 115, 233, 227
302, 18, 228, 160, 230, 10, 148, 191, 273, 301, 155
140, 126, 118, 136, 114, 208, 303, 283, 85, 197, 45, 237, 141
212, 99, 179
278, 298
226, 238, 312, 84
90, 26
270, 20, 78, 274, 144, 128, 102, 258, 157, 145, 77, 55, 29, 257
288, 22, 172, 264, 284, 286, 260, 265, 289, 37, 189, 285, 223
256, 46, 64, 91, 161
268, 192, 198, 216, 70, 210, 153, 111, 199, 123, 275, 117, 147
236, 304, 252, 290, 240, 44, 247, 291, 277, 187
162
100
112, 222, 149, 243
300
200
40, 178, 280, 35, 195, 17, 203, 31, 121, 133, 313, 109
6, 218, 122, 76, 310, 165, 119, 281, 163
190, 254, 108, 21, 253, 23, 263, 73
86, 58, 296, 262, 307, 225, 159, 47
282
308, 294, 42, 131, 251
82, 92, 193, 65
292, 297
54, 182, 19, 261, 93
30, 32
214, 105, 311, 87, 221
188
154, 116, 124
132, 88, 67, 245
248, 267
206
8, 215, 79, 295
174
151
125
235
201
299
53, 183, 249, 143
255
5, 51, 259
137
83
34, 202, 74, 184, 178, 232, 71, 211, 113, 69, 107, 49
4, 200, 60, 110, 63
150, 90, 100, 224, 39, 3, 231, 75
180, 130, 168, 2, 222, 164, 234, 68, 11, 89, 241, 269, 213, 173, 27
134, 212, 142, 28, 56, 309, 99, 41, 229, 179
66, 146, 62, 250, 186, 176, 36, 242, 217, 169, 33, 239, 127
80
138, 12, 106, 48, 171, 183, 61
170, 94, 120, 166, 72, 1, 25, 81, 95, 207, 181, 7, 209
104, 272, 52, 158, 266, 276
14, 302, 278, 18, 228, 160, 230, 10, 191, 305, 273, 301, 155
24, 38, 188, 88, 151, 185, 205
152, 204, 196, 246, 101, 129, 103, 135, 13, 167, 115, 233, 227
140, 118, 136, 114, 208, 153, 303, 283, 85, 5, 197, 51, 45, 141
226, 238, 312, 84
270, 20, 78, 274, 144, 116, 128, 102, 258, 157, 145, 77, 55, 29, 257
288, 172, 264, 284, 286, 260, 265, 289, 37, 189, 285
256, 46, 64, 279, 91, 161
268, 198, 117
236, 304, 252, 290, 240, 44, 65, 247, 291, 277, 187
162, 6, 218, 122, 76, 310, 165, 119, 149, 15, 243, 281, 163
192, 216, 70, 111, 199, 123, 275, 147
112
300, 139, 271, 43, 97
22, 220, 96, 308, 16, 294, 42, 175, 131, 59, 293, 287, 177, 219, 251, 223
194
126, 58, 262, 159
40, 280, 35, 195, 17, 203, 31, 121, 133, 313, 109
190, 254, 108, 21, 253, 23, 263, 73
86, 297, 307, 225, 47
306
282
296, 292
26, 248, 267, 125, 53, 249, 143
298
82, 92, 193
156
98
54, 182, 19, 261, 93, 259
30, 32, 206
50, 57, 9
214, 105, 311, 87, 221
154, 124
132, 67, 245
148
210
8, 215, 79, 295
174, 137
244
235
201
299, 237
255
83
34, 202, 74, 184, 232, 71, 113, 69, 107, 49
4, 300, 60, 110, 139, 271, 43, 97
150, 156, 39
180, 168, 2, 164, 234, 68, 11, 89, 241, 269, 213, 173, 27
134, 104, 272, 52, 158, 266, 276
130, 50, 57, 9
66, 146, 62, 250, 186, 176, 36, 242, 217, 169, 33, 239, 127, 15
80, 306, 96, 305
138, 12, 106, 48, 171, 183, 61
170, 94, 120, 166, 98, 72, 25, 81, 83, 95, 207, 181, 7
14, 244, 211
24, 188, 88, 151, 205
152, 204, 196, 246, 206, 101, 129, 103, 279, 135, 13, 167, 115, 233, 227
302, 18, 228, 160, 230, 10, 148, 191, 273, 301, 155
140, 118, 136, 114, 283, 85, 197, 5, 51, 259, 141
212, 179
278, 298
226, 238, 312, 84
90, 26, 3
270, 20, 78, 274, 144, 128, 102, 258, 157, 145, 77, 55, 29, 257
288, 22, 264, 284, 286, 294, 260, 265, 289, 37, 189, 285, 251, 223
38, 194
256, 82, 92, 193
268, 192, 198, 216, 70, 210, 153, 111, 199, 123, 275, 117, 147
236, 304, 252, 290, 240, 44, 65, 291, 277, 187
162, 6, 218, 122, 76, 310, 165, 119, 149, 243, 281, 163
100, 224, 231, 75
112, 222, 247
200
46, 64, 91, 161
142, 28, 185, 309, 99, 41, 229, 209
220, 16, 175, 59, 177, 287, 219
172, 201
126, 58, 262, 159
40, 178, 280, 35, 195, 63, 17, 203, 31, 121, 133, 313, 109
190, 254, 108, 21, 253, 23, 263, 73
86, 307, 225, 47
308, 131, 293
282
296, 292, 297
54, 182, 19, 261, 93
30, 32, 45
214, 267, 105, 311, 87, 221
154, 116, 124
132, 1, 67, 245
248
56
208, 303, 299, 237
42
8, 215, 79, 295
174
125, 53, 249, 143
235
255
137
34, 202, 74, 184, 232, 71, 113, 69, 107, 49
4, 60, 63, 97
150, 224, 39, 3, 75, 205
180, 168, 2, 164, 234, 68, 11, 89, 241, 269, 213, 173, 27
134, 212, 142, 56, 8, 99, 41, 287, 79, 179, 295
130, 50, 57, 9
66, 146, 62, 250, 186, 176, 36, 242, 217, 169, 33, 239, 127
80, 306, 305
138, 12, 100, 106, 48, 171, 61
170, 94, 120, 166, 194, 72, 25, 81, 95, 207, 181, 7, 209
104, 272, 52, 158, 266, 276
14, 244, 211
24, 38, 188, 88, 151
152, 204, 196, 246, 101, 129, 103, 279, 135, 13, 167, 115, 227
302, 278, 18, 228, 160, 230, 10, 191, 273, 301, 155
140, 118, 114, 208, 153, 303, 283, 197, 237
226, 238, 312, 84
90, 26
270, 20, 78, 274, 144, 116, 128, 102, 258, 157, 145, 77, 55, 29, 257
288, 22, 264, 284, 286, 260, 289, 37, 215, 189, 149, 285, 223
256, 82, 92, 193
268, 198, 117
236, 304, 252, 290, 240, 44, 65, 247, 291, 277, 187
162, 6, 218, 122, 76, 310, 165, 119, 15, 281, 163
192, 216, 70, 210, 111, 199, 123, 275, 147
112, 222, 243
300, 271
200, 110
46, 64, 91, 161
220, 96, 308, 16, 294, 42, 175, 131, 59, 293, 177, 229, 231, 219, 251
172, 265, 201
126, 58, 282, 262, 159
40, 178, 280, 35, 195, 17, 203, 31, 121, 133, 313, 109
190, 254, 108, 21, 253, 23, 263, 73
86, 297, 307, 225, 47
136, 85, 5, 141
296, 292
298
28, 185, 309
156
98
54, 182, 19, 261, 93, 51, 45, 259
30, 32, 206, 233
214, 105, 311, 87, 221
154, 124
132, 1, 67, 245
248
148
174, 137
267
125
235
299
139, 43
53, 183, 249, 143
255
83
34, 202, 74, 184, 232, 71, 113, 69, 107, 49, 143
4, 60, 110, 63
150, 224, 156, 39, 231, 75, 205
180, 168, 2, 164, 234, 68, 11, 89, 241, 269, 213, 173, 27
134, 212, 142, 28, 56, 8, 309, 99, 41, 229, 79, 179, 295
130, 50, 57, 9
66, 146, 62, 250, 186, 176, 36, 242, 217, 169, 33, 239, 127
80, 306, 305
138, 12, 100, 106, 48, 171, 183, 61
170, 94, 120, 166, 98, 72, 25, 81, 83, 95, 207, 181, 7, 209
104, 272, 52, 158, 266, 276
14, 244, 211
24, 188, 88, 151
152, 204, 196, 246, 101, 129, 279, 135, 13, 167, 115, 233, 227
302, 18, 228, 160, 230, 10, 148, 191, 273, 301, 155
140, 118, 136, 283, 85, 197, 5, 141
278, 298
226, 238, 312, 84
90, 26, 3
270, 20, 78, 274, 128, 102, 145, 77, 55, 29, 257
288, 264, 284, 286, 260, 265, 289, 37, 215, 189, 285
38, 194
256, 46, 64, 91, 161
268, 198, 114, 216, 70, 210, 153, 111, 199, 123, 275, 117, 147
236, 304, 252, 290, 240, 44, 65, 291, 277, 187
162, 112, 222, 193, 247, 243
192
300, 139, 271, 43, 97
22, 220, 96, 308, 16, 294, 42, 175, 131, 59, 293, 177, 287, 219, 251, 223
200
172, 201
126, 58, 262, 159
40, 178, 280, 35, 195, 17, 203, 31, 121, 133, 313, 109
6, 218, 122, 76, 165, 119, 281, 163
190, 254, 108, 21, 253, 23, 263, 73
86, 307, 225, 47
282
296, 292, 297
82
54, 30, 182, 32, 19, 103, 261, 93, 51, 45, 259
92
214, 248, 258, 267, 105, 311, 87, 221
154, 116, 124, 137
132, 1, 67, 245
144, 157
310
208, 303, 299, 237
206
174
125
235
185
53, 249
255
149
15
34, 226, 238, 312, 84
4, 60, 110, 210, 43, 97
150, 100, 224, 39, 3, 231, 75
180, 168, 2, 164, 234, 68, 11, 89, 241, 269, 213, 173, 27
134, 142, 28, 185, 309, 99, 41, 59, 229, 209
130, 50, 57, 9
66, 146, 62, 250, 186, 176, 36, 242, 217, 169, 33, 239, 127
80, 86, 308, 296, 292, 306, 297, 293
138, 12, 106, 48, 171, 183, 61
170, 94, 120, 166, 194, 72, 25, 81, 83, 95, 207, 181, 7
104, 272, 52, 158, 266, 276
14, 18, 230, 191, 155
24, 38, 188
152, 204, 196, 246, 101, 129, 135, 13, 167, 115, 227
302, 278, 298, 262, 10, 305, 273, 301
140, 118, 136, 114, 153, 303, 283, 85, 197, 5, 117, 259, 141
202, 74, 184, 178, 232, 71, 211, 113, 69, 107, 49, 143
212, 179
90, 125
270, 78, 274, 144, 128, 102, 145, 77, 257
288, 172, 290
20, 174, 137
256, 82, 92, 193
268, 198, 216, 70, 199, 147
236, 304, 252, 240, 44, 65, 247, 291, 277, 187
228, 160, 148, 244
162, 112, 222, 165, 243
192, 190, 254, 108, 21, 253, 23, 123, 263, 73
300, 271
22, 220, 96, 42, 175, 131, 177, 219
200, 139
46, 64, 279, 91, 161
126, 58, 282, 159
40, 280, 35, 195, 63, 17, 203, 31, 121, 133, 313, 109
264, 260, 37
284, 286, 294, 265, 289, 201, 189, 285, 251, 223
6, 218, 122, 76, 281, 163
26
16, 56, 287
156
98
54, 182, 19, 93, 51
30, 32, 206, 103, 261, 233
214, 132, 248, 88, 267, 105, 311, 235, 1, 67, 87, 205, 245, 221
154, 116, 124
310, 119
208
258, 55, 29
8, 215, 79, 295
151
307, 225, 47
157
111, 275, 45
299, 237
53, 249
255
149
15
34, 202, 74, 184, 178, 232, 71, 211, 113, 69, 107, 49, 143
4, 60, 110, 63
150, 24, 100, 224, 156, 39, 151, 231, 75, 205
180, 130, 168, 2, 222, 164, 234, 68, 11, 89, 241, 269, 213, 173, 27
134, 212, 142, 28, 56, 8, 309, 99, 41, 287, 229, 79, 179, 295
66, 146, 62, 250, 186, 176, 36, 242, 217, 169, 33, 239, 127
80
138, 12, 106, 48, 171, 183, 61
170, 38, 94, 120, 166, 194, 72, 1, 25, 81, 95, 207, 181, 7, 209
104, 272, 52, 158, 266, 276
14, 302, 18, 228, 160, 230, 10, 191, 305, 273, 301, 155
152, 204, 196, 246, 101, 129, 103, 135, 13, 167, 115, 227
140, 118, 136, 208, 303, 283, 85, 5, 197, 51, 45, 259, 141
278, 298
226, 238, 312, 84
90, 26, 248, 267, 125, 53, 3, 249
270, 78, 274, 144, 116, 128, 102, 157, 145, 77, 257
288, 172, 264, 284, 286, 260, 265, 289, 37, 215, 189, 285, 223
20, 174, 137
256, 82, 92, 193
268, 200, 198, 114, 216, 70, 153, 111, 199, 123, 275, 117, 147
236, 304, 252, 290, 240, 44, 65, 247, 291, 277, 187
162, 6, 218, 122, 76, 310, 165, 119, 149, 15, 243, 281, 163
192, 190, 254, 108, 21, 253, 23, 263, 73
112
300, 139, 271, 43, 97
22, 220, 96, 308, 16, 294, 42, 175, 131, 59, 293, 177, 219, 251
46, 64, 279, 91, 161
126, 58, 262, 159
40, 280, 35, 195, 17, 203, 31, 121, 133, 313, 109
86, 297, 307, 225, 47
306
282
296, 292
98
54, 182, 19, 261, 93
30, 32, 206, 233
50, 57, 9
214, 105, 311, 87, 221
154, 124
132, 88, 67, 245
188, 185
148
258, 55, 29
210
244
235
201
299, 237
255
83
34, 202, 74, 184, 71, 211, 113, 69, 107, 49
4, 60, 312, 63
150, 224, 39, 205
180, 168, 2, 164, 234, 68, 11, 89, 241, 269, 213, 173, 27
134
130, 50, 57, 9
66, 146, 62, 250, 186, 176, 36, 242, 217, 169, 33, 239, 127, 15
80
138, 12, 106, 48, 171, 183, 61
170, 94, 120, 166, 194, 25, 81, 95, 207, 181, 7
104, 272, 52, 158, 266, 276
14
24, 188, 151
152, 204, 196, 246, 101, 129, 103, 279, 135, 13, 167, 115, 233, 227
302, 18, 228, 160, 230, 10, 148, 244, 191, 305, 273, 301, 155
140, 118, 136, 283, 85, 197, 141
212, 179
278, 298
226, 238
90, 26, 3
270, 78, 128, 102, 145, 77, 55, 29, 257
288, 22, 172, 264, 284, 286, 260, 265, 289, 37, 189, 285
38
20, 174
256, 82, 92, 193, 65
268, 198, 114, 216, 70, 153, 199, 117, 147
236, 304, 252, 290, 240, 44, 247, 291, 277, 187
162, 6, 218, 122, 76, 310, 165, 119, 149, 243, 281, 163
192, 123, 275
100, 220, 96, 308, 16, 294, 42, 175, 131, 59, 293, 177, 231, 219, 251, 223
112, 222
300, 110, 139, 271, 43, 97
200, 210
46, 64, 91, 161
142, 28, 185, 309, 41, 229, 209
126, 58, 262, 159
40, 178, 280, 35, 195, 17, 203, 31, 121, 133, 313, 109
190, 254, 108, 21, 253, 23, 263, 73
86, 307, 225, 47
306
282
296, 292, 297
156
98
54, 30, 182, 32, 19, 261, 93, 51, 45
214, 248, 258, 267, 105, 311, 87, 221
154, 116, 124, 137
132, 88, 1, 67, 245
72, 83
274, 144, 232, 157, 249, 143
84
56, 99, 287
208, 303, 299, 237
206
8, 215, 79, 295
125
235
111
201
53
255
5, 259
75
34, 202, 74, 184, 178, 232, 71, 211, 113, 69, 107, 49, 143
4, 60, 110
150, 100, 224, 39, 3, 231, 75, 205
180, 168, 2, 164, 234, 68, 11, 89, 241, 269, 213, 173, 15, 27
134
130, 50, 57, 9
66, 146, 62, 186, 176, 36, 242, 310, 217, 33, 239, 127
80, 86, 308, 296, 292, 306, 297, 293
138, 12, 48, 171, 183, 61
170, 94, 120, 166, 194, 72, 25, 81, 83, 95, 207, 181, 7, 209
104, 250
14, 228, 148, 155
24, 188, 88, 151
152, 204, 196, 246, 206, 101, 129, 279, 103, 135, 13, 167, 115, 233, 227
272, 52, 158, 266, 276
302, 278, 18, 160, 230, 298, 262, 10, 305, 273, 47, 301
140, 118, 136, 114, 153, 283, 85, 197, 45, 141
212, 8, 99, 79, 179
226, 238, 312, 84
90, 26, 106, 125
270, 78, 274, 144, 128, 102, 145, 77, 257
288, 172, 290, 265
38
20, 174, 137
256, 82, 92, 193
268, 198, 117
236, 304, 252, 240, 44, 65, 291, 247, 277, 187
162, 112, 222, 165, 243
192, 216, 70, 111, 199, 123, 275, 147
300, 139, 271, 43, 97
22, 215, 295
200, 210
46, 64, 91, 161
142, 16, 56, 59, 287, 229
220, 96, 294, 42, 175, 131, 177, 219
126, 58, 282, 159
40, 280, 35, 195, 63, 17, 203, 31, 121, 133, 313, 109
264, 260, 37, 189
284, 286, 289, 201, 285, 223
6, 218, 122, 76, 281, 163
190, 254, 108, 21, 253, 23, 263, 73
28, 185, 309
156
98
54, 30, 182, 32, 19, 261, 93, 5, 51, 259
214, 132, 267, 1, 67, 245, 221
154, 116, 124
248, 258, 105, 311, 87
208, 303, 299, 237
244
307, 225
157
235
41
169
53, 249
255
119
55, 29
191
149
251
34, 202, 74, 184, 178, 232, 71, 211, 113, 69, 107, 49
4, 60
150, 90, 100, 224, 39, 3, 231, 75, 205
180, 168, 2, 164, 234, 68, 11, 89, 241, 269, 213, 173, 27
134, 212, 142, 28, 56, 185, 309, 99, 41, 287, 229, 179
130, 50, 57, 9
66, 104, 146, 62, 250, 186, 176, 36, 266, 242, 217, 33, 239, 127
80, 306
138, 12, 106, 48, 171, 183, 61
170, 94, 120, 166, 194, 25, 81, 95, 207, 181, 7, 209
14, 302, 18, 160, 230, 10, 191, 305, 273, 155
24, 88, 151
152, 204, 196, 246, 206, 101, 129, 103, 279, 135, 13, 167, 115, 233, 227
272, 158, 276
140, 118, 114, 153, 303, 283, 85, 197, 275, 45, 117, 141
278, 126, 58, 282, 262, 159
226, 238, 228, 312, 148, 84
270, 78, 274, 144, 116, 128, 102, 145, 77, 29, 257
288, 265, 289, 201
38, 188
20, 174, 137
256, 82, 92, 193
268, 200, 198, 216, 70, 210, 199, 123, 147
236, 172, 304, 252, 290, 240, 260, 44, 65, 247, 291, 277, 187
162, 112, 6, 218, 122, 37, 165, 149, 243, 281, 163
192, 190, 254, 108, 21, 253, 23, 263, 73
300, 110, 139, 271, 43, 97
22, 264, 284, 286, 189, 285, 223
46, 64, 91, 161
220, 96, 308, 16, 294, 42, 175, 131, 59, 293, 177, 219, 251
40, 280, 35, 195, 63, 17, 203, 31, 121, 133, 313, 109
86, 307, 225, 47
136, 5, 259
296, 292, 297
26, 248, 125, 157, 53, 249, 143
52
298
156
98, 72, 83
222
54
30, 32, 261, 93, 51
214, 258, 105, 311, 87
154, 124
132, 267, 1, 67, 245, 221
76
310, 119
182, 19
208, 299, 301, 237
8, 215, 79, 295
244
235
111
169, 15
255
55
34, 14, 202, 74, 184, 178, 232, 71, 211, 113, 69, 107, 49
4
150, 100, 224, 26, 39, 231, 75
180, 168, 2, 164, 234, 68, 11, 89, 241, 269, 213, 173, 27
134, 104, 272, 52, 158, 266, 276
130, 50, 57, 9
66, 146, 62, 250, 186, 176, 36, 242, 217, 169, 33, 239, 127
80, 306
138, 12, 106, 48, 171, 183, 61
170, 94, 120, 166, 194, 72, 25, 81, 83, 95, 207, 181, 7, 209
24, 38, 188, 151
152, 204, 196, 246, 101, 129, 103, 279, 135, 13, 263, 167, 115, 233, 227
302, 278, 18, 228, 160, 230, 10, 191, 305, 273, 301, 155
140, 118, 136, 114, 208, 303, 283, 85, 197, 141
212, 56, 8, 215, 99, 41, 287, 79, 179, 295
226, 238, 312, 84
90, 3
270, 20, 78, 274, 144, 128, 102, 258, 157, 145, 77, 55, 29, 257
288, 172, 264, 284, 286, 260, 289, 37, 189, 285
256, 82, 92, 193, 161
268, 192, 200, 198, 216, 70, 210, 153, 111, 199, 123, 275, 117, 147
236, 304, 252, 290, 240, 44, 277, 187
162, 6, 218, 122, 76, 310, 165, 119, 149, 15, 243, 281, 163
112, 222, 65, 247
300, 110, 139, 271, 43, 97
22, 142, 220, 308, 16, 294, 42, 175, 131, 59, 293, 177, 219, 251, 223
46, 64, 91
126, 58, 262, 159
40, 60, 280, 35, 195, 63, 17, 203, 31, 121, 133, 313, 109
190, 254, 108, 21, 253, 23, 73
86, 307, 225, 47, 143
282
296, 292, 297
96
298
28, 156, 185, 309, 229
98
54, 30, 182, 32, 19, 261, 93, 45
214, 105, 311, 87, 221
154, 116, 124
132, 88, 267, 1, 67, 205, 245
248, 125, 53, 249
148
206
174
244
265, 201
235
291
299, 237
255
5, 51, 259
137
34, 14, 202, 74, 184, 232, 71, 211, 113, 69, 107, 49, 143
4, 110
150, 224, 39
180, 168, 2, 164, 234, 68, 11, 89, 241, 269, 213, 173, 15, 27
134, 146, 212, 142, 28, 56, 309, 99, 41, 287, 229, 79, 179, 295
130, 112, 222, 193, 65, 247, 243
66, 62, 250, 186, 176, 36, 217, 169, 33, 239, 127
80, 306, 96, 292
138, 12, 100, 106, 48, 171, 183, 61
170, 94, 120, 166, 194, 1, 25, 81, 95, 207, 181, 7, 209
104, 272, 52, 158, 266, 276
24, 88, 151
152, 204, 196, 246, 101, 129, 279, 135, 13, 167, 115, 233, 227
302, 278, 18, 228, 160, 230, 10, 148, 191, 305, 273, 301, 155
140, 118, 136, 208, 303, 283, 85, 5, 197, 141
226, 238, 312, 84
90, 248, 267, 125, 53, 3, 249
270, 20, 78, 274, 144, 116, 128, 102, 258, 157, 145, 77, 55, 29, 257
288, 22, 172, 264, 284, 286, 8, 37, 215, 189, 285
38, 188, 185
256, 46, 64, 91, 161
268, 200, 198, 114, 216, 70, 210, 153, 111, 199, 123, 275, 117, 147
236, 304, 252, 290, 240, 260, 44, 291, 277, 187
162, 6, 218, 122, 76, 165, 149, 281, 163
192, 190, 254, 108, 206, 21, 253, 23, 263, 73
300, 139, 271, 43, 97
220, 308, 16, 294, 42, 175, 131, 59, 293, 177, 231, 219, 251, 223
126, 58, 282, 262, 159
40, 60, 178, 280, 35, 195, 63, 17, 203, 31, 121, 133, 313, 109
86, 296, 297, 307, 225, 47
26
298
82, 92
156
98
54, 30, 182, 32, 19, 103, 261, 93, 51, 45, 259
50, 57, 9
214, 105, 311, 87, 221
154, 124
132, 67, 245
242, 310, 119
72, 83
174
244
265
289, 201
235
299, 237
255
137
75
205
34, 14, 202, 74, 184, 178, 232, 71, 211, 113, 69, 107, 49, 143
4, 60, 110
150, 224, 39
180, 168, 2, 164, 234, 68, 11, 89, 241, 269, 213, 173, 27
134
130, 50, 57, 9
66, 146, 62, 250, 186, 176, 36, 242, 217, 169, 33, 239, 127
80, 306
138, 12, 100, 106, 48, 171, 183, 61
170, 94, 120, 166, 98, 72, 235, 25, 81, 83, 95, 207, 181, 7
104, 272, 52, 158, 266, 276
24, 88, 151, 205
152, 204, 196, 246, 206, 101, 129, 279, 135, 13, 167, 115, 233, 227
302, 278, 18, 228, 160, 230, 10, 191, 305, 273, 301, 155
140, 118, 136, 114, 208, 153, 303, 283, 85, 197, 275, 45, 237, 141
212, 179
226, 238, 312, 84
90, 26, 3
270, 20, 78, 274, 144, 116, 128, 102, 258, 157, 145, 77, 55, 29, 257
288, 22, 172, 264, 284, 286, 260, 8, 265, 289, 37, 215, 189, 285, 295, 223
38, 194
256, 82, 92, 193
268, 198, 117
236, 304, 252, 290, 240, 44, 291, 277, 187
162, 6, 218, 122, 76, 165, 119, 149, 281, 163
192, 200, 216, 70, 111, 199, 123, 147
112, 222, 65, 247, 243
300, 139, 271, 43, 97
46, 64, 91, 161
142, 56, 99, 41, 287
220, 96, 16, 294, 42, 175, 131, 59, 293, 177, 231, 219, 251
126, 58, 262, 159
40, 280, 35, 63, 195, 17, 203, 31, 121, 133, 313, 109
190, 254, 108, 253, 23, 263, 73
86, 296, 297, 307, 53, 225, 47, 249
282
308
298
28, 156, 188, 185, 309, 229, 209
292
54, 30, 182, 32, 19, 103, 261, 93
214, 267, 105, 311, 87, 221
154, 124
132, 1, 67, 245
248, 125
148
310
210
174
244
201
299
21
255
5, 51, 259
137
79
75
15
34, 14, 202, 74, 184, 178, 232, 71, 211, 113, 69, 107, 49
4, 60, 312, 110, 63
150, 90, 100, 224, 26, 39, 3, 231, 75, 205
180, 130, 168, 2, 222, 164, 234, 68, 11, 241, 89, 269, 213, 173, 27
134
66, 146, 62, 250, 186, 176, 36, 242, 217, 169, 33, 239, 127
80, 96, 306, 305
138, 12, 106, 48, 171, 183, 61
170, 94, 120, 166, 194, 72, 1, 25, 81, 95, 207, 181, 7, 209
104, 272, 52, 158, 266, 276
24, 38, 188, 151
152, 204, 196, 246, 101, 129, 103, 279, 135, 13, 167, 115, 233, 227
302, 278, 18, 228, 160, 230, 10, 148, 191, 273, 301, 155
140, 118, 114, 208, 303, 283, 197
212, 179
226, 238
270, 20, 78, 274, 144, 116, 128, 102, 157, 145, 77, 257
288, 264, 284, 286, 260, 289, 37, 189, 285
256, 46, 64, 91, 161
268, 200, 198, 216, 70, 210, 153, 111, 199, 123, 275, 117, 147
236, 172, 304, 252, 290, 240, 44, 65, 247, 291, 277, 187
162, 6, 218, 122, 76, 310, 165, 119, 149, 15, 243, 281, 163
192, 190, 254, 108, 21, 253, 23, 263, 73
112
300, 139, 271, 43, 97
22, 220, 308, 16, 294, 42, 175, 131, 59, 177, 219, 251, 223
142, 56, 99, 41, 287
126, 58, 262, 159
40, 280, 35, 195, 17, 203, 31, 121, 133, 313, 109
86, 296, 292, 297, 307, 225, 47
136, 85, 5, 141
282
298
82
28, 156, 185, 309, 229
98
54, 30, 182, 32, 19, 261, 93, 51, 45, 259
50, 57, 9
92, 193
214, 105, 311, 87, 221
154, 124, 137
132, 88, 67, 245
248, 267, 125, 53, 249, 143
84
258, 55, 29
206
8, 215, 79, 295
174
244
265, 201
235
299, 237
255
293
83
34, 202, 74, 184, 178, 232, 71, 211, 113, 69, 107, 49
4, 40, 60, 280, 35, 195, 63, 17, 203, 31, 121, 133, 313, 109
150, 100, 224, 39, 3, 231, 75, 205
180, 168, 2, 164, 234, 68, 11, 89, 241, 269, 213, 173, 15, 27
134, 104, 272, 158, 266, 276
130, 50, 57, 9
66, 146, 62, 250, 186, 176, 36, 242, 217, 33, 239, 127
80, 296, 292, 306, 297
138, 12, 106, 48, 171, 183, 61
170, 94, 120, 166, 194, 98, 72, 25, 81, 83, 95, 207, 181, 7
14, 18, 230, 244, 191, 155
24, 88, 151
152, 204, 196, 246, 101, 129, 279, 135, 13, 167, 115, 227
302, 278, 298, 262, 10, 273, 301
140, 118, 114, 153, 303, 283, 85, 197, 275, 117, 141
212, 179
226, 238, 228, 312, 148, 84
90, 26
270, 78, 274, 144, 116, 128, 258, 102, 157, 145, 77, 55, 29, 143, 257
288
38
20, 174, 137
256, 82, 92, 193
268, 192, 200, 198, 216, 70, 210, 111, 199, 123, 147
236, 304, 252, 290, 240, 260, 44, 65, 291, 247, 277, 187
162, 112, 6, 218, 122, 8, 37, 165, 119, 149, 243, 281, 163
160, 208, 299, 237
300, 110, 139, 271, 43, 97
22, 264, 284, 286, 265, 289, 201, 189, 285, 223
46, 64, 91, 161
142, 16, 56, 99, 41, 59, 287
220, 308, 96, 294, 42, 175, 131, 293, 177, 219, 251
172
126, 58, 282, 159
190, 254, 108, 21, 253, 23, 263, 73
86, 307, 225, 47
136, 5, 259
52
28, 156, 188, 185, 309, 229, 209
222
54, 30, 32, 103, 261, 51, 233
214, 105, 311, 87, 221
154, 124
132, 1, 67, 245
248, 125, 53, 249
76
310
182, 19
206, 93
267
235
215, 79
169
255
45
305
295
34, 226, 238, 228, 60, 312, 148, 84
4, 110
150, 90, 100, 224, 39, 3, 231, 75
180, 168, 2, 164, 234, 68, 11, 89, 241, 269, 213, 173, 27
134, 104, 272, 158, 266, 276
130, 50, 57, 9
66, 146, 62, 250, 186, 176, 242, 217, 33, 239, 127
80, 296, 292, 306, 297
138, 12, 106, 48, 171, 61
170
14, 18, 160, 230, 191, 305, 155
24, 38, 194, 188, 88, 151, 185, 205
152, 204, 196, 246, 206, 101, 129, 279, 135, 13, 167, 115, 233, 227
302, 278, 298, 262, 10, 273, 301
140, 118, 114, 208, 153, 303, 283, 85, 5, 197, 45, 117, 141
202, 74, 184, 178, 232, 71, 113, 69, 107, 49
212, 142, 16, 28, 156, 56, 309, 99, 41, 59, 287, 229, 179
270, 78, 274, 144, 128, 102, 157, 145, 77, 29, 257
288
20, 174, 137
256, 46, 64, 91, 161
268, 192, 200, 198, 216, 70, 210, 111, 199, 123, 275, 147
236, 304, 252, 290, 240, 260, 44, 65, 247, 277, 187
94, 120, 166, 72, 25, 81, 83, 95, 207, 181, 7, 209
162, 112, 6, 218, 122, 37, 165, 149, 243, 281, 163
300, 139, 271, 43, 97
22, 264, 284, 286, 294, 265, 289, 201, 189, 285, 251, 223
220, 308, 42, 175, 131, 293, 177, 219
172, 136, 291
126, 58, 282, 159
40, 280, 35, 195, 63, 17, 203, 31, 121, 133, 313, 109
190, 254, 108, 21, 253, 23, 263, 73
86, 307, 225, 47
96
26, 125
52
82, 92, 193
98
222
54, 30, 182, 32, 19, 103, 261, 93, 51, 259
36
214, 132, 267, 235, 1, 67, 245, 221
154, 116, 124
248, 258, 105, 311, 87
76
310, 119
8, 215, 79, 295
244, 211, 53, 183
299, 237
169, 15
255
55
249
143
34, 226, 238, 228, 312, 148, 84
4, 40, 60, 280, 35, 195, 63, 17, 203, 31, 121, 133, 313, 109
150, 100, 224, 39, 3, 231, 75
180, 168, 2, 164, 234, 68, 11, 89, 241, 269, 213, 173, 27
134, 212, 142, 16, 56, 8, 215, 99, 41, 287, 79, 179, 295
130, 50, 57, 9
66, 62, 242, 217, 169, 127, 15
80, 306, 296, 292, 297, 293
138, 12, 48, 244, 171, 183, 61
170, 94, 120, 166, 194, 98, 72, 25, 81, 83, 95, 207, 181, 7
104, 146, 250, 186, 176, 36, 266, 33, 239
14, 18, 160, 230, 191, 305, 155
24, 188, 88, 151, 205
152, 204, 196, 246, 101, 129, 103, 279, 135, 13, 167, 115, 233, 227
272, 158, 276
302, 278, 298, 262, 10, 273, 301
140, 118, 136, 114, 153, 303, 283, 85, 197, 5, 45, 117, 141
202, 74, 184, 178, 232, 71, 113, 69, 107, 49
90, 26, 106, 125, 53, 249, 143
270, 78, 274, 144, 116, 128, 102, 258, 157, 145, 77, 55, 29, 257
288
38
20, 174, 137
256, 46, 64, 91, 161
268, 192, 200, 198, 216, 70, 210, 111, 199, 123, 275, 147
236, 304, 252, 290, 240, 44, 65, 291, 277, 187
162, 112, 222, 247, 243
300, 139, 271, 43, 97
22, 264, 284, 286, 260, 42, 37, 189, 285, 223
220, 96, 175, 59, 177, 219
172
126, 58, 282, 159
6, 218, 122, 76, 165, 119, 149, 281, 163
190, 254, 108, 21, 253, 23, 263, 73
86, 307, 225, 47
52
308, 294, 131, 251
82, 92, 193
28, 156, 185, 309, 229, 209
54, 30, 182, 32, 19, 261, 93, 51, 259
110
214, 132, 67, 221
154, 124
248, 267, 105, 311, 87
310
208, 299, 237
206
265, 289, 201
235, 1, 245
211
255
34, 202, 74, 184, 178, 232, 71, 113, 69, 107, 49
4
150, 90, 100, 224, 39, 3, 231, 75
180, 168, 2, 164, 234, 68, 11, 89, 241, 269, 213, 173, 15, 27
134, 212, 142, 56, 8, 215, 99, 41, 79, 179, 295
130, 50, 57, 9
66, 146, 62, 186, 242, 217, 127
80, 306, 96, 305
138, 12, 106, 48, 244, 171, 183, 61
170, 94, 120, 166, 194, 25, 81, 95, 207, 181, 7
104, 272, 52, 158, 266, 276
14, 18, 160, 230, 191, 155
24, 188, 88, 151, 205
152, 204, 196, 246, 101, 129, 103, 135, 13, 167, 115, 233, 227
302, 278, 298, 262, 10, 273
140, 118, 114, 208, 153, 303, 283, 85, 197, 45, 117, 237, 141
226, 238, 228, 312, 148, 84
270, 78, 274, 144, 116, 128, 102, 145, 77, 29, 143, 257
288, 265
38
20, 174, 137
256, 46, 64, 279, 91, 161
268, 275
236, 172, 304, 252, 240, 260, 44, 65, 291, 247, 277, 187
162, 112, 6, 218, 122, 37, 165, 119, 149, 243, 281, 163
192, 200, 198, 216, 70, 210, 111, 199, 123, 147
300, 110, 139, 271, 43, 97
22, 220, 308, 16, 294, 42, 175, 131, 59, 293, 177, 287, 219
250, 36, 33, 239
126, 58, 282, 159, 301
40, 60, 280, 35, 195, 63, 17, 203, 31, 121, 133, 313, 109
264, 284, 286, 289, 201, 189, 285, 251, 223
190, 254, 108, 21, 253, 23, 263, 73
86, 296, 297, 307, 225, 47
136, 5, 259
176
26, 248, 267, 125, 157, 53, 249
82, 92, 193
28, 185, 309, 229, 209
292
156
98, 72, 83
222
54, 30, 182, 32, 19, 261, 93, 51
214, 258, 105, 311, 87, 221
154, 124
132, 1, 67, 245
290
76
310
206
235
211
299
169
255
55
34, 14, 202, 74, 184, 178, 232, 71, 211, 113, 69, 107, 49
4
150, 224, 156, 39, 3
180, 168, 2, 164, 234, 68, 11, 89, 241, 269, 213, 173, 27
134, 212, 142, 28, 56, 185, 309, 99, 41, 229, 179
130, 50, 57, 9
66, 62, 250, 186, 176, 36, 217, 169, 33, 239
80, 86, 296, 292, 297, 307, 225, 159, 47
138, 12, 100, 106, 48, 171, 183, 61
170, 94, 120, 166, 194, 1, 25, 81, 95, 207, 181, 7, 209
104, 272, 52, 158, 266, 276
24, 88, 151, 205
152, 204, 196, 246, 101, 129, 103, 279, 135, 13, 263, 167, 115, 233, 227
302, 278, 18, 160, 230, 10, 191, 305, 273, 301, 155
146, 242, 127
140, 118, 136, 114, 208, 153, 303, 283, 85, 197, 5, 141
226, 238, 228, 312, 148, 84
90, 26, 125, 53, 249
270, 78, 274, 144, 128, 102, 157, 145, 77, 257
288, 236, 172, 304, 92, 252, 290, 240, 260, 44, 65, 291, 277, 187
38, 188
20, 174, 137
256, 46, 64, 91, 161
268, 192, 200, 198, 216, 70, 210, 111, 199, 123, 275, 147
162, 6, 218, 122, 76, 310, 37, 165, 119, 149, 243, 281, 163
112, 222, 247
300, 110, 139, 271, 43, 97
22, 220, 308, 16, 294, 42, 175, 131, 59, 293, 177, 287, 231, 219
126, 58, 262
40, 60, 280, 35, 195, 63, 17, 203, 31, 121, 133, 313, 109
264, 284, 286, 265, 289, 201, 189, 285, 251, 223
190, 254, 108, 21, 253, 23, 73
306
282
96
298
82
98, 72, 83
54, 30, 182, 32, 19, 261, 93, 51, 45, 259
214, 248, 258, 267, 105, 311, 87, 221
154, 116, 124
132, 67, 245
206
8, 215, 79, 295
244
193
235
299, 237
255
55, 29
75
15
117
143
34, 14, 202, 74, 184, 178, 232, 71, 211, 113, 69, 107, 49
4, 40, 60, 280, 35, 195, 63, 17, 203, 31, 121, 133, 313, 109
150, 224, 39
180, 168, 2, 164, 234, 68, 11, 89, 241, 269, 213, 173, 27
134, 212, 142, 28, 156, 56, 8, 185, 215, 309, 99, 41, 287, 229, 79, 179, 295
130, 50, 57, 9
66, 146, 62, 250, 186, 176, 36, 242, 217, 169, 33, 239, 127, 15
80, 296, 292, 297
138, 12, 100, 106, 48, 171, 305, 183, 61
170, 94, 120, 166, 194, 72, 235, 1, 25, 81, 95, 207, 181, 7, 209
104, 272, 52, 158, 266, 276
24, 88, 151, 205
152, 204, 196, 246, 101, 129, 103, 279, 135, 13, 167, 115, 233, 227
302, 278, 298, 262, 10, 273, 47, 301
140, 118, 136, 208, 303, 283, 85, 5, 197, 259, 141
226, 238, 312, 84
90, 26, 248, 267, 125, 53, 3, 249, 143
270, 20, 78, 274, 144, 128, 102, 157, 145, 77, 257
288, 172, 264, 284, 286, 260, 265, 289, 37, 189, 285
18, 228, 160, 230, 191, 155
38, 188
256, 82, 92, 193
268, 192, 200, 198, 216, 70, 114, 153, 111, 199, 123, 275, 117, 147
236, 304, 252, 290, 240, 44, 65, 291, 277, 187
162, 6, 218, 122, 76, 165, 119, 149, 281, 163
112, 222, 247, 243
300, 110, 139, 271, 43, 97
22, 220, 308, 96, 16, 294, 42, 175, 131, 59, 293, 177, 231, 219, 251, 223
46, 64, 91, 161
126, 58, 159
190, 254, 108, 21, 253, 23, 263, 73
86, 307, 225
306
282
98
54, 182, 19
30, 32, 206, 261, 93, 51, 45
214, 105, 311, 87, 221
154, 116, 124
132, 67, 245
148
310
258, 55, 29
210
174
244
201
299, 237
255
137
75
83
34, 202, 74, 184, 232, 71, 211, 113, 69, 107, 49
4, 40, 60, 312, 178, 280, 35, 63, 195, 17, 203, 31, 121, 133, 313, 109
150, 224, 39, 59, 3, 231, 75, 205
180, 2, 234, 68, 11, 89, 241, 173
134, 272, 158, 266, 276
130, 50, 57, 9
66, 104, 146, 62, 250, 186, 176, 36, 242, 218, 217, 169, 33, 239, 127, 15
80, 296, 292, 297
138, 12, 106, 48, 244, 171, 183, 61
170, 94, 120, 166, 98, 72, 25, 81, 83, 95, 207, 181, 7
14, 18, 228, 160, 230, 191, 305, 155
24, 88, 151
152, 204, 196, 246, 206, 101, 129, 103, 135, 13, 167, 115, 233, 227
302, 278, 298, 262, 10, 273
140, 118, 136, 114, 208, 153, 303, 283, 85, 197, 275, 117, 141
212, 142, 16, 56, 8, 215, 99, 287, 79, 179, 295
226, 238, 84
90, 26, 125, 53, 249, 143
270, 20, 78, 274, 144, 116, 128, 102, 157, 145, 77, 29, 257
288, 22, 264, 284, 286, 260, 265, 289, 37, 201, 189, 285, 223
38, 194, 188, 185
256, 46, 64, 279, 91, 161
268, 192, 200, 198, 216, 70, 210, 111, 199, 123, 147
236, 172, 304, 252, 290, 240, 44, 65, 291, 247, 277, 187
162, 112, 222, 164, 269, 213, 165, 149, 243, 27
100
300, 139, 271, 43, 97
220, 308, 96, 294, 42, 175, 131, 293, 177, 219
126, 58, 282, 159, 301
6, 122, 281, 163
190, 254, 108, 21, 253, 23, 263, 73
86, 307, 225, 47
168, 255
52
82, 92, 193
28, 309, 229, 209
156
54, 30, 182, 32, 19, 261, 93, 5, 51, 259
110
214, 248, 258, 267, 105, 311, 87
154, 124
132, 235, 1, 67, 245, 221
148
76
306
310, 119
174, 137
299, 237
41
55
45
251
34, 14, 202, 74, 184, 178, 280, 232, 71, 211, 113, 69, 107, 49, 143
4, 40, 60, 312, 35, 195, 63, 17, 203, 31, 121, 133, 313, 109
150, 39, 3
180, 168, 2, 164, 234, 68, 11, 89, 241, 269, 213, 173, 27
134, 104, 272, 52, 158, 98, 266, 276
130, 50, 57, 9
66, 62, 250, 186, 176, 36, 242, 217, 33, 239, 127
80, 296, 96, 292, 306, 297, 293
138, 12, 106, 48, 244, 171, 183, 61
170, 94, 120, 166, 72, 25, 81, 83, 95, 207, 181, 7, 209
24, 38, 194, 188, 88, 151, 185, 205
152, 204, 196, 246, 206, 101, 129, 279, 135, 13, 167, 115, 233, 227
302, 278, 298, 262, 10, 305, 273, 301
146, 212, 142, 16, 56, 310, 8, 99, 41, 59, 287, 79, 179, 295
140, 118, 136, 114, 153, 303, 283, 85, 197, 45, 117, 141
226, 238, 228, 148, 84
90, 26, 125
270, 20, 78, 274, 144, 116, 128, 102, 157, 145, 77, 137, 29, 257
288, 265, 289
18, 160, 230, 191, 155
256, 46, 64, 91, 161
268
236, 304, 252, 290, 240, 44, 65, 291, 247, 277, 187
162, 6, 122, 76, 165, 149, 243, 281, 163
192, 200, 198, 216, 70, 210, 111, 199, 123, 275, 147
100, 224, 231, 75
112, 222
300, 110, 139, 271, 43, 97
22, 264, 284, 286, 260, 37, 215, 189, 285, 223
220, 175, 177, 219
172
126, 58, 282, 159
190, 254, 108, 21, 253, 23, 263, 73
86, 307, 225, 47
308, 294, 131, 251
82, 92, 193
28, 156, 309, 229
54, 30, 182, 32, 19, 103, 261, 93, 5, 51, 259
214, 132, 267, 1, 67, 245, 221
154, 124
248, 105, 311, 87
218, 169, 15
208, 299, 237
42
258, 55
174
235
201
53, 249
255
119
34, 14, 202, 74, 184, 232, 71, 211, 113, 69, 107, 49, 143
4, 60, 312, 110, 63
150, 100, 224, 39, 231, 75
180, 130, 168, 2, 164, 234, 68, 11, 89, 241, 269, 213, 173, 27
134
66, 146, 62, 250, 186, 176, 36, 242, 217, 169, 33, 239, 127
80, 306, 96, 305
138, 12, 106, 48, 171, 183, 61
170, 94, 120, 166, 194, 1, 25, 81, 95, 207, 181, 7
104, 272, 52, 158, 266, 276
24, 188, 88, 151, 205
152, 204, 196, 246, 101, 129, 103, 279, 135, 13, 167, 115, 227
302, 18, 228, 160, 230, 10, 148, 191, 301, 155
140, 118, 136, 114, 208, 153, 303, 283, 85, 5, 197, 259, 141
212, 179
278, 298, 273
226, 238
90, 26, 248, 267, 125, 53, 3, 249
270, 20, 78, 274, 144, 116, 128, 102, 258, 157, 145, 77, 55, 29, 257
288, 264, 284, 286, 260, 265, 289, 37, 189, 149, 285
38
256, 82, 92, 193
268, 192, 200, 198, 216, 70, 210, 111, 199, 123, 275, 117, 147
236, 304, 252, 290, 240, 44, 65, 291, 277, 187
162, 6, 218, 122, 76, 310, 165, 119, 15, 243, 281, 163
112, 222, 247
300, 139, 271, 43, 97
22, 220, 308, 16, 294, 42, 175, 131, 59, 293, 177, 219, 251, 223
46, 64, 91, 161
142, 56, 99, 41, 287
172, 201
126, 58, 262
40, 178, 280, 35, 195, 17, 203, 31, 121, 133, 313, 109
190, 254, 108, 21, 253, 23, 263, 73
86, 307, 225, 47
282, 159
296, 292, 297
28, 156, 185, 309, 229, 209
98
54
30, 32, 206, 261, 93, 51, 45, 233
50, 57, 9
214, 105, 311, 87, 221
154, 124
132, 67, 245
72, 83
84
182, 19
8, 215, 79, 295
174, 137
244
235
299, 237
255
34, 202, 74, 184, 232, 71, 211, 113, 69, 107, 49, 143
4
150, 100, 224, 156, 39, 231, 75
180, 168, 2, 164, 234, 68, 11, 89, 241, 269, 213, 173, 27
134, 146, 212, 142, 28, 56, 8, 309, 99, 41, 287, 229, 79, 179, 295
130, 50, 57, 9
66, 62, 250, 186, 176, 36, 217, 169, 33, 239, 127
80, 306
138, 12, 106, 48, 171, 183, 61
170, 94, 120, 166, 1, 25, 81, 95, 207, 181, 7, 209
104, 272, 52, 158, 266, 276
14, 302, 278, 18, 228, 160, 230, 10, 148, 191, 305, 273, 301, 155
24, 38, 188, 88, 151, 185, 205
152, 204, 196, 246, 101, 129, 279, 135, 13, 167, 115, 233, 227
140, 118, 136, 114, 208, 153, 303, 283, 85, 197, 117, 141
226, 238, 312, 84
90, 26, 248, 267, 125, 53, 3, 249
270, 78, 274, 144, 116, 128, 102, 258, 157, 145, 77, 55, 29, 257
288, 172, 264, 284, 286, 260, 265, 289, 37, 215, 189, 285
20, 174, 137
256, 46, 64, 91, 161
268, 192, 200, 198, 216, 70, 111, 199, 23, 123, 275, 147
236, 304, 252, 290, 240, 44, 291, 277, 187
162, 6, 218, 122, 76, 165, 119, 149, 281, 163
112, 222, 247, 243
300, 110, 139, 271, 43, 97
22, 220, 308, 16, 294, 42, 175, 131, 59, 293, 177, 219, 251, 223
194
126, 58
40, 60, 178, 280, 35, 195, 63, 17, 203, 31, 121, 133, 313, 109
190, 254, 108, 21, 253, 263, 73
86, 296, 292, 262, 297, 307, 225, 159, 47
282
96
298
82, 92, 193, 65
98, 72, 83
54, 30, 182, 32, 206, 19, 103, 261, 93, 5, 51, 45, 259
214, 105, 311, 87, 221
154, 124
132, 67, 245
242, 310
210
244
235
201
299, 237
255
15
34, 14, 202, 74, 184, 178, 232, 71, 211, 113, 69, 107, 49
4, 200, 60, 110, 63, 139, 271, 97
150, 224, 39, 231
180, 168, 2, 164, 234, 68, 11, 89, 241, 269, 213, 173, 27
134
130, 50, 57, 9
66, 146, 62, 250, 186, 176, 36, 217, 169, 33, 239, 127
80, 306, 96
138, 12, 100, 106, 48, 171, 305, 183, 61
170, 94, 120, 166, 194, 25, 81, 95, 207, 181, 7, 209
104, 272, 52, 158, 266, 276
24, 188, 88, 151
152, 204, 196, 246, 101, 129, 103, 135, 13, 167, 115, 233, 227
302, 18, 160, 230, 10, 301, 155
140, 118, 136, 114, 153, 303, 283, 85, 5, 197, 237, 141
212, 179
278, 298, 273
226, 238, 228, 312, 148, 84
90, 248, 267, 125, 53, 3, 249
270, 20, 78, 274, 144, 128, 102, 258, 157, 145, 77, 55, 29, 143, 257
288, 172, 264, 284, 286, 260, 265, 289, 37, 189, 285
38
256, 46, 64, 279, 91, 161
268, 198, 117
236, 304, 252, 290, 240, 44, 65, 291, 277, 187
162
192, 190, 254, 108, 21, 253, 23, 263, 73
112, 222, 247, 243
300, 43
22, 220, 308, 16, 294, 42, 175, 131, 59, 293, 177, 219, 251, 223
142, 28, 156, 185, 309, 41, 229
126, 58, 262, 159
40, 280, 35, 195, 17, 203, 31, 121, 133, 313, 109
6, 218, 122, 76, 165, 119, 149, 15, 281, 163
86, 297, 307, 225, 47
282
296, 292
26
82, 92, 193
216, 70, 111, 199, 123, 275, 147
98
54, 182, 19, 93, 51, 259
30, 32, 206, 261, 45
214, 105, 311, 87, 221
154, 116, 124, 137
132, 1, 67, 245
242, 310
72, 83
56, 99, 287
208, 299
210
8, 215, 79, 295
174
244
235
201
255
191
75
205
34, 202, 74, 184, 178, 232, 71, 211, 113, 69, 107, 49, 143
4, 40, 60, 280, 35, 195, 63, 17, 203, 31, 121, 133, 313, 109
150, 100, 224, 39, 3, 231, 75, 205
180, 168, 2, 164, 234, 68, 11, 89, 241, 269, 213, 173, 15, 27
134, 104, 272, 158, 266, 276
130, 50, 57, 9
66, 146, 62, 250, 186, 176, 36, 242, 217, 33, 239, 127
80, 292, 306, 293
138, 12, 106, 48, 171, 53, 183, 61
170, 94, 120, 166, 194, 98, 72, 1, 25, 81, 83, 95, 207, 181, 7
14, 302, 18, 160, 230, 298, 191, 305, 273, 155
24, 188, 88, 151
152, 204, 196, 246, 101, 129, 279, 135, 13, 167, 115, 233, 227
140, 118, 136, 114, 153, 303, 283, 85, 197, 5, 117, 141
212, 142, 16, 56, 8, 215, 99, 41, 59, 287, 79, 179, 295
278
226, 238, 228, 312, 148, 84
90, 26
270, 78, 274, 144, 128, 102, 157, 145, 77, 29, 257
288, 265, 289
38
20, 174, 137
256, 82, 92, 193
268, 192, 200, 198, 216, 70, 210, 199, 123, 147
236, 304, 252, 290, 240, 44, 65, 291, 277, 187
162, 6, 218, 122, 37, 165, 119, 149, 281, 163
112, 222, 247, 243
300, 110, 139, 271, 43, 97
22, 264, 284, 286, 260, 189, 285, 223
46, 64, 91, 161
220, 308, 96, 294, 42, 175, 131, 177, 219
172
126, 58, 282, 262, 159
190, 254, 108, 21, 253, 23, 263, 73
86, 296, 297, 307, 225, 47
52
28, 185, 309, 229, 209
156
54, 30, 182, 32, 19, 103, 261, 93, 51, 259
214, 132, 248, 258, 267, 105, 311, 87, 55
154, 116, 124
10
76
310
208, 299, 237
206
244
125
235
111, 275, 45
201
169
255
67
251
301
245
249
221
34, 226, 238, 228, 312, 148, 84, 63, 271
4, 40, 60, 280, 35, 195, 17, 203, 31, 121, 133, 313, 109
150, 90, 100, 224, 39, 3, 231, 75
180, 168, 2, 164, 234, 68, 11, 89, 241, 269, 213, 173, 27
134, 212, 142, 56, 8, 215, 99, 41, 287, 79, 179, 295
130, 50, 57, 9
66, 146, 62, 250, 186, 176, 36, 242, 217, 169, 33, 239, 127
80, 292
138, 12, 106, 48, 171, 305, 183, 61
170, 94, 120, 166, 194, 98, 72, 25, 81, 83, 95, 207, 181, 7, 209
104, 272, 158, 266, 276
14, 18, 160, 230, 191, 155
24, 88, 151, 205
152, 204, 196, 246, 101, 129, 279, 103, 135, 13, 167, 115, 233, 227
302, 278, 298, 262, 10, 273
140, 118, 208, 303, 283, 85, 197, 45, 237, 141
202, 74, 184, 178, 232, 71, 211, 113, 69, 107, 49, 143
270, 78, 274, 144, 116, 128, 102, 258, 157, 145, 77, 55, 29, 257
288
38, 188, 185
20, 174, 137
256, 46, 64, 91, 161
268, 200, 198, 114, 216, 70, 210, 153, 111, 199, 123, 275, 43, 117, 147
236, 304, 252, 290, 240, 260, 291, 277, 187
162, 6, 218, 122, 310, 37, 165, 149, 281, 163
192, 190, 254, 108, 21, 253, 23, 263, 73
112, 222, 247, 243
300, 139, 97
22, 172, 264, 284, 286, 294, 265, 289, 201, 189, 285, 251, 223
220, 308, 96, 16, 42, 175, 131, 59, 293, 177, 219
126, 58, 282, 159
86, 296, 297, 307, 225, 47
136, 44, 5
26, 125
52
82, 92, 193, 65
28, 156, 309, 229
54, 30, 182, 32, 19, 261, 93, 51, 259
110
214, 248, 267, 105, 311, 87
154, 124
132, 1, 67, 245
76
306
206
244
235
299, 301
53, 249
255
119
15
221
34, 202, 74, 184, 178, 232, 71, 113, 69, 107, 49
4
150, 90, 100, 224, 39, 3, 231, 75, 205
180, 168, 2, 222, 164, 234, 68, 11, 89, 241, 269, 213, 173, 27
134, 212, 142, 28, 156, 56, 8, 185, 215, 309, 99, 41, 287, 229, 79, 179, 295
130, 50, 57, 9
66, 36, 242, 217, 33, 239
80, 306
138, 12, 106, 48, 244, 171, 183, 61
170, 94, 120, 166, 194, 188, 72, 1, 25, 81, 83, 95, 207, 181, 7, 209
104, 272, 52, 158, 266, 276
14, 302, 18, 228, 160, 230, 10, 191, 305, 273, 155
24, 88, 151
152, 204, 196, 246, 206, 101, 129, 103, 279, 135, 13, 167, 115, 233, 227
146, 62, 250, 186, 127
140, 118, 136, 114, 208, 153, 303, 283, 85, 197, 5, 45, 301, 141
278, 126, 58, 282, 262, 159
226, 238, 312, 84
270, 78, 274, 144, 116, 128, 102, 157, 145, 77, 143, 257
288, 236, 304, 252, 290, 240, 260, 44, 65, 247, 291, 277, 187
38
20, 174, 137
256, 46, 64, 91, 161
268, 198, 117
162, 6, 218, 122, 76, 310, 37, 169, 165, 119, 149, 15, 243, 281, 163
192, 200, 216, 70, 111, 199, 123, 275, 147
112
300, 110, 139, 271, 43, 97
22, 220, 308, 96, 16, 294, 42, 175, 131, 59, 293, 177, 219, 251
172
40, 60, 280, 35, 195, 63, 17, 203, 31, 121, 133, 313, 109
264, 284, 286, 265, 289, 201, 189, 285, 223
190, 254, 108, 21, 253, 23, 263, 73
86, 296, 292, 297, 307, 225, 47
176
26, 248, 267, 125, 53, 249
298
82, 92, 193
98
54, 30, 182, 32, 19, 261, 93, 51, 259
214, 105, 311, 87, 221
154, 124
132, 67, 245
148
258, 55, 29
210
235
211
299, 237
255
34, 202, 74, 184, 232, 71, 211, 113, 69, 107, 49, 143
4, 60, 63
150, 224, 39, 231, 75
180, 168, 2, 164, 234, 68, 11, 89, 241, 269, 213, 173, 27
134, 146, 212, 142, 16, 28, 56, 8, 185, 309, 99, 41, 59, 287, 229, 79, 179, 295
130, 50, 57, 9
66, 62, 250, 186, 176, 36, 242, 217, 169, 33, 239, 127
80, 306, 96, 305
138, 12, 100, 106, 48, 171, 183, 61
170, 94, 120, 166, 194, 72, 1, 25, 81, 95, 207, 181, 7, 209
104, 272, 52, 158, 266, 276
14, 302, 278, 18, 228, 160, 230, 10, 191, 273, 301, 155
24, 88, 151, 205
152, 204, 196, 246, 101, 129, 103, 279, 135, 13, 167, 115, 233, 227
140, 118, 136, 114, 208, 303, 283, 85, 5, 197, 237, 141
226, 238, 312, 84
90, 248, 267, 125, 53, 3, 249
270, 20, 78, 274, 144, 128, 102, 258, 157, 145, 77, 137, 55, 29, 257
288, 172, 264, 284, 286, 260, 289, 37, 215, 189, 285
38, 188
256, 82, 92, 193, 65
268, 192, 198, 216, 70, 153, 111, 199, 123, 275, 117, 147
236, 304, 252, 290, 240, 44, 291, 277, 187
162
112, 222, 247, 243
300, 110, 139, 271, 43, 97
22, 220, 308, 294, 42, 175, 131, 293, 177, 219, 251, 223
200, 210
46, 64, 91, 161
126, 58, 262, 159
40, 178, 280, 35, 195, 17, 203, 31, 121, 133, 313, 109
6, 218, 122, 76, 165, 281, 163
190, 254, 108, 21, 253, 23, 263, 73
86, 297, 307, 225, 47
282
296, 292
26
298
156
98
54, 182, 19, 93, 259
30, 32, 206, 261, 51
214, 105, 311, 87, 221
154, 116, 124
132, 67, 245
148
310, 119
174
244
265, 201
235
299
255
149
45
83
15
34, 202, 74, 184, 178, 232, 71, 211, 113, 69, 107, 49
4
150, 90, 100, 224, 39, 3, 231, 75, 205
180, 168, 2, 164, 234, 68, 11, 89, 241, 269, 213, 173, 27
134
130, 50, 57, 9
66, 104, 146, 62, 250, 186, 176, 36, 266, 242, 217, 33, 239, 127
80
138, 12, 106, 48, 171, 183, 61
170, 94, 120, 166, 194, 98, 72, 25, 81, 83, 95, 207, 181, 7
14, 18, 160, 306, 230, 244, 191, 305, 155
24, 88, 151
152, 204, 196, 246, 101, 129, 103, 279, 135, 13, 167, 115, 233, 227
272, 52, 158, 276
302, 278, 298, 262, 10, 273
140, 118, 136, 114, 208, 153, 111, 303, 283, 85, 197, 5, 275, 45, 117, 237, 259, 141
212, 56, 99, 179
226, 238, 228, 312, 148, 84
270, 78, 274, 144, 116, 128, 102, 258, 145, 77, 55, 29, 257
288
38
20, 174, 137
256, 46, 64, 91, 161
268, 198, 70, 199
236, 304, 252, 290, 240, 44, 291, 277, 187
162, 112, 222, 247, 243
192, 190, 254, 108, 21, 253, 23, 263, 73
300, 60, 110, 139, 271, 43, 97
22, 172, 264, 284, 286, 294, 265, 289, 201, 189, 285, 251, 223
200, 210
142, 220, 96, 308, 16, 42, 175, 131, 59, 293, 177, 287, 219
126, 58, 282, 159
40, 280, 35, 195, 63, 17, 203, 31, 121, 133, 313, 109
6, 218, 122, 76, 37, 165, 149, 281, 163
86, 296, 292, 297, 307, 225, 47
26, 125, 53, 249, 143
82, 92, 193, 65
216, 123, 147
28, 188, 185, 309, 229, 209
156
54, 30, 182, 32, 19, 261, 93, 51
214, 248, 267, 105, 311, 157, 87
154, 124
132, 67, 221
310, 119
260
206
8, 215, 79, 295
235, 1, 245
299
41
169, 15
255
301
34, 14, 202, 74, 184, 178, 232, 71, 211, 113, 69, 107, 49, 143
4, 60, 63
150, 224, 39, 3, 75
180, 168, 2, 164, 234, 68, 11, 89, 241, 269, 213, 173, 27
134, 104, 272, 52, 158, 266, 276
130, 50, 57, 9
66, 146, 62, 250, 186, 176, 36, 242, 217, 169, 33, 239, 127
80, 306, 96, 305
138, 12, 106, 48, 171, 183, 61
170, 94, 120, 166, 194, 72, 1, 25, 81, 95, 207, 181, 7
24, 188, 88, 151, 205
152, 204, 196, 246, 101, 129, 103, 279, 135, 13, 167, 115, 233, 227
302, 18, 160, 230, 10, 191, 301, 155
140, 118, 136, 114, 153, 111, 303, 283, 85, 5, 197, 51, 45, 117, 237, 259, 141
212, 179
278, 298, 273
226, 238, 228, 312, 148, 84
90, 26, 248, 267, 125, 53, 249
270, 20, 78, 274, 144, 116, 128, 102, 258, 157, 145, 77, 55, 29, 257
288, 264, 284, 286, 260, 265, 289, 37, 189, 285
38
256, 46, 64, 91, 161
268, 200, 198, 210, 275
236, 304, 252, 290, 240, 44, 291, 277, 187
162, 6, 218, 122, 76, 310, 165, 119, 149, 15, 243, 281, 163
192, 216, 70, 199, 123, 147
100
112, 222, 65, 247
300, 110, 139, 271, 43, 97
22, 220, 308, 16, 294, 42, 175, 131, 59, 293, 177, 231, 219, 251, 223
142, 28, 156, 185, 309, 41, 229, 209
172, 201
126, 58, 159
40, 280, 35, 195, 17, 203, 31, 121, 133, 313, 109
190, 254, 108, 21, 253, 23, 263, 73
86, 296, 262, 297, 307, 225, 47
282
82, 92, 193
292
98
54, 182, 19, 93
30, 32, 261
214, 105, 311, 87, 221
154, 124
132, 67, 245
56, 99, 287
208
206
8, 215, 79, 295
174, 137
244
235
299
255
83
34, 202, 74, 184, 178, 232, 71, 211, 113, 69, 107, 49, 143
4, 200, 60, 110, 63, 139, 97
150, 224, 39
180, 168, 2, 164, 234, 68, 11, 89, 241, 269, 213, 173, 27
134, 104, 272, 52, 158, 266, 276
130, 50, 57, 9
66, 146, 62, 250, 186, 176, 36, 217, 169, 33, 239, 127
80, 96, 306, 305
138, 12, 100, 106, 48, 171, 183, 61
170, 94, 120, 166, 1, 25, 81, 95, 207, 181, 7, 209
14, 302, 18, 160, 230, 10, 191, 273, 301, 155
24, 38, 188, 88, 151, 205
152, 204, 196, 246, 101, 129, 103, 279, 135, 13, 167, 115, 233, 227
140, 118, 136, 153, 303, 283, 85, 197, 5, 51, 45, 259, 141
212, 179
278, 126, 58, 262, 159
226, 238, 228, 312, 148, 84
90, 26, 3
270, 20, 78, 274, 144, 116, 128, 102, 258, 157, 145, 77, 137, 55, 29, 257
288, 22, 172, 264, 284, 286, 260, 265, 289, 37, 189, 285, 223
256, 82, 92, 193
268, 198, 114, 43, 117
236, 304, 252, 290, 240, 44, 291, 277, 187
162
192, 216, 70, 199, 123, 275, 147
112, 222, 65, 247, 149, 243
300, 271
46, 64, 91, 161
142, 56, 99, 41, 287
220, 308, 16, 294, 42, 175, 131, 59, 293, 177, 231, 219, 251
194
40, 280, 35, 195, 17, 203, 31, 121, 133, 313, 109
6, 218, 122, 76, 165, 15, 281, 163
190, 254, 108, 21, 253, 23, 263, 73
86, 296, 292, 297, 307, 225, 47
282
298
28, 156, 185, 309, 229
98, 72, 83
54, 30, 182, 32, 19, 261, 93
214, 105, 311, 87, 221
154, 124
132, 67, 245
242, 310, 119
248, 267, 125, 53, 249
208, 299, 237
206
210
8, 215, 79, 295
174
244
235
111
201
255
75
34, 14, 202, 74, 184, 178, 232, 71, 211, 113, 69, 107, 49, 143
4, 40, 60, 280, 35, 195, 63, 17, 203, 31, 121, 133, 313, 109
150, 90, 100, 224, 39, 3, 231, 75, 205
180, 168, 2, 164, 234, 68, 11, 89, 241, 269, 213, 173, 27
134, 104, 272, 146, 250, 158, 266, 276
130, 50, 57, 9
66, 62, 186, 176, 36, 242, 217, 169, 33, 239, 127
80, 296, 292, 306, 297, 293
138, 12, 106, 48, 244, 171, 183, 61
170, 94, 120, 166, 194, 98, 72, 25, 81, 83, 95, 207, 181, 7, 209
24, 88, 151
152, 204, 196, 246, 101, 129, 279, 135, 13, 167, 115, 227
302, 278, 298, 262, 10, 305, 273
140, 118, 136, 114, 208, 153, 303, 283, 85, 197, 5, 275, 117, 259, 141
212, 142, 56, 99, 41, 287, 79, 179
226, 238, 312, 148, 84
270, 78, 274, 144, 128, 102, 157, 145, 77, 29, 257
288, 22, 264, 284, 286, 260, 8, 37, 215, 189, 285, 251, 295, 223
18, 230, 191, 155
38, 188, 185
20, 174, 137
256, 46, 64, 91, 161
268, 192, 200, 198, 216, 70, 210, 111, 199, 123, 147
236, 252, 290, 240, 44, 291, 187
228, 160
162, 112, 222, 243
300, 110, 139, 271, 43, 97
220, 96, 16, 42, 175, 131, 59, 177, 219
172, 294, 265, 289, 201
126, 58, 282, 159
6, 218, 122, 76, 165, 119, 149, 15, 281, 163
304, 277
190, 254, 108, 21, 253, 23, 263, 73
86, 307, 225, 47
26, 248, 125, 53
52
308
82, 92, 193, 65
28, 156, 309, 229
54, 30, 32, 103, 261, 233
214, 132, 267, 1, 67, 245, 221
154, 116, 124
182, 19
310
258, 105, 311, 87
206, 93, 51
235
247
299, 237
255
55
45
301
249
34, 202, 74, 184, 178, 232, 71, 211, 113, 69, 107, 49
4, 60
150, 39, 3
180, 2, 234, 68, 11, 89, 241, 269, 173
134, 104, 272, 158, 266, 276
130, 50, 57, 9
66, 146, 62, 250, 186, 176, 36, 242, 217, 33, 239, 127
80, 86, 308, 296, 292, 306, 297, 307, 293, 225
138, 12, 106, 48, 171, 183, 61
170
14, 18, 160, 230, 191, 305, 155
24, 38, 188, 88, 151
152, 204, 196, 246, 101, 129, 103, 135, 13, 115, 227
302, 278, 126, 58, 282, 262, 10, 273, 159, 47, 301
140, 118, 136, 114, 208, 153, 303, 283, 85, 197, 5, 275, 45, 117, 237, 259, 141
212, 142, 16, 56, 99, 41, 287, 179
226, 238, 228, 312, 148, 84, 299
90, 26, 125, 53, 249
270, 78, 274, 144, 128, 102, 157, 145, 77, 29, 143, 257
288, 22, 264, 284, 286, 294, 265, 289, 201, 189, 285, 251, 223
20, 174, 137
256, 46, 64, 279, 91, 161
268, 192, 200, 198, 216, 70, 210, 111, 199, 123, 147
236, 304, 252, 290, 240, 44, 291, 277, 187
94, 120, 166, 98, 25, 81, 83, 95, 207, 181, 7
162, 112, 222, 164, 247, 213, 165, 243, 27
100, 224, 231, 75
300, 110, 139, 271, 43, 97
220, 96, 42, 175, 131, 59, 177, 219
194
172
40, 280, 35, 63, 195, 17, 203, 31, 121, 133, 313, 109
6, 218, 122, 37, 281, 163
190, 254, 108, 21, 253, 23, 73
168, 255
52, 72
298
82
28, 156, 185, 309, 229, 209
54
30, 32, 261, 51, 233
92, 193, 65
214, 132, 267, 235, 1, 67, 205, 245, 221
154, 116, 124
248, 258, 105, 311, 87, 55
76
310, 119
182, 19
260
206, 263, 167
8, 215, 79, 295
244
169, 15
93
149
34, 14, 202, 74, 184, 178, 232, 71, 211, 113, 69, 107, 49, 143
4, 300, 200, 60, 110, 139, 271, 43, 97
150, 224, 39
180, 168, 2, 164, 234, 68, 11, 89, 241, 269, 213, 173, 27
134, 146, 212, 142, 16, 28, 156, 56, 8, 215, 309, 99, 41, 59, 287, 229, 79, 179, 295
130, 50, 57, 9
66, 62, 250, 186, 176, 36, 242, 217, 169, 33, 239, 127
80, 306, 96, 305
138, 12, 100, 106, 48, 171, 183, 61
170, 94, 120, 166, 194, 72, 1, 25, 81, 95, 207, 181, 7, 209
104, 272, 52, 158, 266, 276
24, 188, 88, 151, 205
152, 204, 196, 246, 101, 129, 279, 135, 13, 167, 115, 227
302, 278, 298, 10, 273, 301
140, 118, 136, 114, 208, 303, 283, 85, 5, 197, 141
226, 238, 312, 84
90, 26, 3
270, 20, 78, 274, 144, 128, 102, 258, 157, 145, 77, 137, 55, 29, 257
288, 264, 284, 286, 265, 289, 37, 189, 285
18, 228, 160, 230, 148, 191, 155
38
256, 46, 64, 91, 161
268, 198, 216, 70, 153, 199, 275, 117, 147
236, 172, 304, 92, 252, 290, 240, 260, 44, 291, 277, 187
162, 112, 222, 247, 243
192, 111, 123
22, 220, 308, 294, 42, 175, 131, 293, 177, 231, 219, 251, 223
126, 58, 262
40, 280, 35, 63, 195, 17, 203, 31, 121, 133, 313, 109
6, 218, 122, 76, 165, 119, 281, 163
190, 254, 108, 21, 253, 23, 263, 73
86, 282, 296, 292, 297, 307, 225, 159, 47
82
98
54, 30, 182, 32, 206, 19, 103, 261, 93, 51, 45, 233, 259
214, 267, 105, 311, 87, 221
154, 116, 124
132, 67, 245
248, 125
310
210
174
244
193
65
235
185
201
299, 237
53, 249
255
75
149
83
15
34, 14, 202, 74, 184, 178, 232, 71, 211, 113, 69, 107, 49, 143
4, 60, 110, 63
150, 224, 39, 231, 75, 205
180, 168, 2, 222, 164, 234, 68, 11, 89, 241, 269, 213, 173, 27
134, 146, 212, 142, 56, 99, 41, 287, 79, 179, 295
130, 50, 57, 9
66, 62, 250, 186, 176, 36, 217, 169, 33, 239, 127, 15
80, 96, 306
138, 12, 100, 106, 48, 171, 183, 61
170, 94, 120, 166, 194, 1, 25, 81, 95, 207, 181, 7
104, 272, 52, 158, 266, 276
24, 38, 188, 151
152, 204, 196, 30, 246, 32, 206, 101, 129, 103, 279, 135, 13, 167, 115, 233, 227
302, 278, 18, 228, 160, 230, 10, 191, 305, 273, 301, 155
140, 118, 136, 208, 303, 283, 85, 5, 197, 51, 45, 259, 141
226, 238, 312, 84
90, 26, 248, 267, 125, 53, 3, 249
270, 20, 78, 274, 144, 116, 128, 102, 258, 157, 145, 77, 55, 29, 257
288, 22, 264, 284, 286, 260, 8, 289, 37, 215, 189, 285
256, 82, 92, 193, 161
268, 192, 200, 198, 114, 216, 70, 153, 111, 199, 123, 275, 117, 147
236, 304, 252, 290, 240, 44, 65, 247, 277, 187
162, 6, 218, 122, 76, 165, 149, 243, 281, 163
112
300, 139, 271, 43, 97
46, 64, 91
220, 308, 16, 294, 42, 175, 131, 59, 293, 177, 219, 251, 223
172
126, 58, 262, 159
40, 280, 35, 195, 17, 203, 31, 121, 133, 313, 109
190, 254, 108, 21, 253, 23, 263, 73
86, 296, 297, 307, 225, 47
282
298
28, 156, 185, 309, 229, 209
292
98
54, 182, 19, 261, 93
214, 105, 311, 87, 221
154, 124
132, 88, 67, 245
242, 310, 119
72, 83
148
210
174
244
265, 201
235
291
299, 237
255
137
34, 226, 238, 228, 312, 148, 84
4, 60
150, 90, 100, 224, 39, 3, 231, 75, 205
180, 168, 2, 164, 234, 68, 11, 89, 241, 269, 213, 173, 15, 27
134, 104, 272, 158, 266, 276
130, 50, 57, 9
66, 62, 250, 186, 176, 36, 242, 217, 169, 33, 239, 127
80, 302, 278, 306, 298, 262, 10, 305, 273, 301
138, 12, 106, 48, 244, 171, 183, 61
170, 94, 120, 166, 194, 98, 72, 25, 81, 83, 95, 207, 181, 7
14, 18, 160, 230, 191, 155
24, 188, 88, 151
152, 204, 196, 246, 206, 101, 129, 135, 13, 167, 115, 233, 227
146
140, 118, 136, 114, 208, 153, 303, 283, 85, 197, 5, 45, 141
202, 74, 184, 232, 71, 113, 69, 107, 49
212, 142, 16, 56, 310, 8, 215, 99, 41, 287, 79, 179, 295
270, 20, 78, 274, 144, 116, 128, 102, 258, 157, 145, 77, 55, 29, 257
288
38
256, 46, 64, 279, 91, 161
268, 192, 200, 198, 216, 70, 111, 199, 123, 275, 117, 147
236, 304, 252, 290, 240, 260, 44, 65, 291, 277, 187
162, 6, 218, 122, 165, 149, 281, 163
112, 222, 247, 243
300, 110, 139, 271, 43, 97
22, 264, 284, 286, 37, 189, 285, 223
220, 308, 96, 294, 42, 175, 131, 59, 293, 177, 219
172
126, 58, 282, 159
40, 178, 280, 35, 195, 63, 17, 203, 31, 121, 133, 313, 109
190, 254, 108, 21, 253, 23, 263, 73
86, 296, 307, 225, 47, 143
26, 125, 53, 249
52
82
28, 185, 309, 229, 209
292, 297
156
54, 30, 182, 32, 19, 103, 261, 93, 51, 259
92, 193
214, 248, 267, 105, 311, 87
154, 124
132, 1, 67, 245
76
210
174
265, 289, 201
235
211
299, 237
255
137
119
251
221
34, 226, 238, 228, 312, 148, 84
4, 40, 60, 178, 280, 35, 63, 195, 17, 203, 31, 121, 133, 313, 109
150, 100, 224, 39, 3, 231, 75, 205
180, 168, 2, 222, 164, 234, 68, 11, 89, 241, 269, 213, 173, 27
134, 104, 272, 52, 158, 266, 276
130, 50, 57, 9
66, 146, 62, 250, 186, 176, 36, 242, 218, 217, 169, 33, 239, 127
80, 296, 292, 306, 297, 293
138, 12, 106, 48, 171, 53, 183, 61
170, 94, 120, 166, 98, 72, 25, 81, 83, 95, 207, 181, 7
14, 244, 191, 155
24, 188, 88, 151
152, 204, 196, 246, 206, 101, 129, 279, 135, 13, 263, 167, 115, 233, 227
302, 278, 18, 230, 298, 262, 10, 305, 273
140, 118, 136, 114, 153, 283, 85, 197, 45, 117, 141
202, 74, 184, 232, 71, 211, 113, 69, 107, 49
212, 22, 142, 16, 56, 310, 8, 215, 99, 41, 59, 287, 229, 79, 179, 295
90, 26, 125
270, 78, 274, 144, 116, 128, 102, 157, 145, 77, 29, 257
288, 172, 264, 284, 286, 260, 265, 37, 189, 285, 223
38, 194
20, 174, 137
256, 46, 82, 64, 91, 161
268, 200, 198, 216, 70, 210, 111, 199, 123, 275, 147
236, 252, 290, 240, 44, 193, 65, 187
162, 6, 122, 76, 165, 119, 149, 243, 281, 163
192, 190, 254, 108, 21, 253, 23, 73
160, 208, 303, 299, 301, 237
112
300, 110, 139, 271, 43, 97
220, 308, 294, 42, 175, 131, 177, 219, 251
126, 58, 282, 159
304, 277
86, 307, 225, 47, 143
96
28, 185, 309, 209
156
54, 30, 182, 32, 19, 103, 261, 93, 51, 259
92
214, 248, 267, 105, 311, 87
154, 124
132, 235, 1, 67, 245, 221
258, 55
289, 201
291
247
255
5
15
249
34, 202, 74, 184, 178, 232, 71, 211, 113, 69, 107, 49
4, 60
150, 90, 100, 224, 39, 3, 231, 75, 205
180, 168, 2, 234, 68, 89, 241, 269
134, 104, 272, 146, 250, 52, 158, 266, 276
130, 50, 57, 9
66, 62, 186, 176, 36, 242, 217, 33, 239, 127
80, 306, 296, 292, 293
138, 12, 106, 48, 171, 183, 61
170, 166, 235
14, 18, 228, 160, 230, 244, 191, 305, 155
24, 88, 151
152, 204, 196, 246, 206, 101, 129, 103, 279, 135, 13, 167, 115, 233, 227
302, 278, 298, 10, 273
140, 118, 114, 208, 153, 303, 283, 85, 197, 275, 117, 237, 141
212, 142, 16, 56, 8, 215, 99, 41, 59, 287, 229, 79, 179, 295
226, 238, 312, 148, 84
270, 78, 274, 144, 116, 128, 102, 157, 145, 77, 257
288, 265, 289
38, 194, 188, 185
20, 174, 137
256, 46, 64, 91, 161
268
236, 172, 304, 252, 240, 260, 44, 65, 291, 277, 187
94, 120, 98, 72, 25, 81, 83, 95, 207, 181, 7
162, 112, 222, 164, 11, 247, 213, 173, 15, 243, 27
192, 198, 216, 70, 199, 123, 147
300, 110, 139, 271, 43, 97
22, 220, 308, 294, 42, 175, 131, 177, 219
200, 210
126, 58, 262, 159, 301
40, 280, 35, 195, 63, 17, 203, 31, 121, 133, 313, 109
264, 284, 286, 189, 285, 251, 223
6, 218, 122, 37, 165, 149, 281, 163
190, 254, 108, 21, 253, 23, 263, 73
86, 307, 201, 225
136, 5, 259
282
26, 248, 125, 53, 249, 143
96
82, 92, 193
28, 156, 309, 209
54, 30, 182, 32, 19, 261, 93, 51
214, 132, 267, 1, 67, 245, 221
154, 124
290
76
310, 119
258, 105, 311, 87
297
111, 45
299
169
255
55, 29
47
34, 202, 74, 184, 178, 232, 71, 211, 113, 69, 107, 49, 143
4, 40, 60, 280, 35, 195, 63, 17, 203, 31, 121, 133, 313, 109
150, 224, 39, 3, 75, 205
180, 168, 2, 164, 234, 68, 11, 89, 241, 269, 213, 173, 27
134, 212, 142, 56, 310, 8, 99, 41, 287, 79, 179, 295
130, 50, 57, 9
66, 62, 250, 186, 176, 36, 242, 217, 33, 239, 127
80, 306, 296, 292, 293
138, 12, 106, 48, 244, 171, 305, 183, 61
170, 94, 120, 166, 98, 72, 1, 25, 81, 83, 95, 207, 181, 7
104, 272, 158, 266, 276
14, 18, 160, 230, 191, 155
24, 38, 194, 188, 88, 151
152, 204, 196, 246, 101, 129, 279, 103, 135, 13, 167, 115, 233, 227
302, 278, 298, 262, 10, 273, 301
146
140, 118, 136, 114, 208, 153, 303, 283, 85, 5, 197, 45, 237, 141
226, 238, 228, 312, 148, 84
90, 26, 248, 125, 249
270, 78, 274, 144, 116, 128, 102, 157, 145, 77, 29, 257
288, 22, 172, 264, 284, 286, 260, 265, 289, 37, 215, 189, 285, 223
20, 174, 137
256, 46, 64, 91, 161
268, 198, 117
236, 304, 252, 290, 240, 44, 277, 187
162, 112, 222, 247, 243
192, 216, 70, 210, 111, 199, 123, 275, 147
100
300, 110, 139, 271, 43, 97
200
220, 308, 16, 294, 42, 175, 131, 59, 177, 231, 219, 251
126, 58, 282, 159
6, 218, 122, 165, 149, 281, 163
190, 254, 108, 21, 253, 23, 263, 73
86, 307, 225, 47
96
52
82, 92, 193, 65
28, 156, 185, 309, 229, 209
54, 30, 182, 32, 19, 261, 93, 51, 259
214, 105, 311, 87, 221
154, 124
132, 67, 245
76
258, 55
206
267
297
235
291
201
299
169, 15
53
255
119
34, 14, 202, 74, 184, 178, 232, 71, 211, 113, 69, 107, 49, 143
4, 60
150, 224, 39
180, 168, 2, 164, 234, 68, 11, 89, 241, 269, 213, 173, 27
134, 146, 212, 142, 28, 156, 56, 8, 185, 309, 99, 41, 287, 229, 79, 179, 295
130, 50, 57, 9
66, 62, 250, 186, 176, 36, 217, 169, 33, 239, 127
80, 86, 296, 292, 297, 307, 225, 47
138, 12, 100, 96, 106, 48, 171, 305, 183, 61
170, 94, 120, 166, 194, 25, 81, 95, 207, 181, 7, 209
104, 272, 52, 158, 266, 276
24, 38, 188, 151
152, 204, 196, 246, 101, 129, 279, 135, 13, 167, 115, 233, 227
302, 278, 18, 160, 230, 10, 191, 273, 301, 155
140, 118, 136, 114, 208, 303, 283, 85, 5, 197, 141
226, 238, 228, 312, 148, 84
90, 26, 3
270, 20, 78, 274, 144, 116, 128, 102, 258, 311, 157, 145, 77, 87, 55, 29, 257
288, 264, 284, 286, 260, 289, 37, 215, 189, 285
256, 46, 64, 91, 161
268, 192, 198, 216, 70, 210, 153, 111, 199, 123, 275, 147
236, 304, 252, 290, 240, 44, 65, 291, 277, 187
162, 6, 122, 165, 281, 163
112, 222, 247, 243
300, 110, 139, 271, 43, 97
22, 220, 308, 16, 294, 42, 175, 131, 59, 293, 177, 231, 219, 251, 223
200
172
126, 58, 262, 159
40, 280, 35, 195, 63, 17, 203, 31, 121, 133, 313, 109
190, 254, 108, 21, 253, 23, 263, 73
306
282
298
82
98, 72, 83
54, 30, 182, 32, 206, 19, 103, 261, 93, 51, 45, 259
92, 193
214, 105, 221
154, 124
132, 88, 267, 1, 67, 205, 245
242, 310, 119
248, 125, 53, 249
218, 76
174
244
265, 201
235
299, 237
255
137
75
149
15
117
34, 226, 238, 228, 312, 148, 84
4, 40, 60, 178, 35, 195, 63, 17, 203, 31, 121, 133, 313, 109
150, 100, 224, 39, 3, 231, 75, 205
180, 168, 2, 222, 164, 234, 68, 11, 89, 241, 269, 213, 173, 15, 27
134, 104, 272, 52, 158, 266, 276
130, 50, 57, 9
66, 62, 250, 186, 176, 36, 242, 217, 33, 239, 127
80, 86, 296, 306, 292, 297, 293
138, 12, 106, 48, 171, 183, 61
170, 94, 120, 166, 98, 72, 25, 81, 83, 95, 207, 181, 7
14, 18, 160, 230, 244, 191, 155
24, 38, 194, 188, 88, 151
152, 204, 196, 246, 206, 101, 129, 103, 279, 135, 13, 167, 115, 233, 227
302, 278, 298, 10, 305, 273
146, 212, 142, 220, 16, 56, 310, 8, 99, 41, 59, 287, 119, 79, 179, 295
140, 118, 136, 114, 208, 303, 283, 85, 197, 45, 301, 237, 141
202, 74, 184, 280, 232, 71, 211, 113, 69, 107, 49
90, 26, 125, 53
270, 20, 78, 274, 144, 128, 102, 145, 77, 29, 143, 257
288, 22, 172, 264, 284, 286, 260, 42, 265, 289, 215, 201, 189, 219, 285, 223
256, 46, 64, 91, 161
268, 200, 198, 216, 110, 70, 153, 111, 199, 123, 275, 117, 147
236, 304, 252, 290, 240, 44, 65, 247, 291, 277, 187
162, 112, 6, 218, 122, 37, 165, 149, 243, 281, 163
192, 190, 254, 108, 21, 253, 23, 263, 73
300, 139, 271, 43, 97
126, 58, 282, 262, 159
308, 294, 131, 251
96
82, 92, 193
28, 156, 185, 309, 229, 209
54, 30, 182, 32, 19, 261, 93, 5, 51, 259
214, 105, 311, 87
154, 116, 124, 137
132, 267, 67, 221
248, 157
76
258, 55
210
174
307, 225, 47
235, 1, 245
175
299
169
255
177
249
